  0.0200  -0.0000   0.0998   0.0180  -0.0002  -0.0167  -0.0200 119.4395
  0.0400   0.0000   0.0995  -0.0883   0.0036   0.3896  -0.0166  -2.6000
  0.0600   0.0002   0.0988  -0.0628   0.0111   0.3639  -0.0495  18.4209
  0.0800   0.0005   0.0976  -0.0606   0.0189   0.4129  -0.0749  14.0028
  0.1000   0.0009   0.0958  -0.0544   0.0275   0.4468  -0.1001  13.9380
  0.1200   0.0016   0.0936  -0.0492   0.0367   0.4810  -0.1235  13.0446
  0.1400   0.0024   0.0909  -0.0440   0.0467   0.5127  -0.1456  12.2434
  0.1600   0.0034   0.0877  -0.0389   0.0572   0.5422  -0.1661  11.3802
  0.1800   0.0047   0.0842  -0.0340   0.0683   0.5694  -0.1852  10.4909
  0.2000   0.0062   0.0803  -0.0292   0.0800   0.5941  -0.2027   9.5767
  0.2200   0.0079   0.0761  -0.0246   0.0921   0.6165  -0.2188   8.6444
  0.2400   0.0099   0.0716  -0.0201   0.1046   0.6363  -0.2334   7.6989
  0.2600   0.0121   0.0668  -0.0158   0.1175   0.6537  -0.2466   6.7449
  0.2800   0.0146   0.0618  -0.0116   0.1307   0.6684  -0.2583   5.7862
  0.3000   0.0173   0.0565  -0.0076   0.1442   0.6806  -0.2687   4.8262
  0.3200   0.0203   0.0510  -0.0037   0.1579   0.6903  -0.2778   3.8679
  0.3400   0.0236   0.0454   0.0001   0.1718   0.6973  -0.2855   2.9137
  0.3600   0.0272   0.0396   0.0037   0.1858   0.7019  -0.2918   1.9657
  0.3800   0.0311   0.0337   0.0071   0.1998   0.7039  -0.2969   1.0260
  0.4000   0.0352   0.0277   0.0105   0.2139   0.7034  -0.3008   0.0962
  0.4200   0.0396   0.0217   0.0136   0.2279   0.7005  -0.3033  -0.8220
  0.4400   0.0443   0.0156   0.0166   0.2419   0.6952  -0.3046  -1.7267
  0.4600   0.0493   0.0095   0.0194   0.2557   0.6875  -0.3047  -2.6164
  0.4800   0.0545   0.0034   0.0220   0.2694   0.6776  -0.3035  -3.4891
  0.5000   0.0601  -0.0026   0.0244   0.2828   0.6654  -0.3011  -4.3427
  0.5200   0.0659  -0.0086   0.0265   0.2960   0.6510  -0.2975  -5.1751
  0.5400   0.0719  -0.0145   0.0284   0.3088   0.6346  -0.2927  -5.9837
  0.5600   0.0782  -0.0203   0.0301   0.3213   0.6161  -0.2866  -6.7660
  0.5800   0.0848  -0.0260   0.0315   0.3334   0.5958  -0.2794  -7.5191
  0.6000   0.0915  -0.0315   0.0326   0.3451   0.5737  -0.2711  -8.2401
  0.6200   0.0986  -0.0368   0.0334   0.3564   0.5499  -0.2616  -8.9256
  0.6400   0.1058  -0.0419   0.0340   0.3671   0.5245  -0.2510  -9.5727
  0.6600   0.1132  -0.0468   0.0342   0.3773   0.4977  -0.2394 -10.1780
  0.6800   0.1209  -0.0515   0.0342   0.3870   0.4695  -0.2269 -10.7384
  0.7000   0.1287  -0.0559   0.0339   0.3961   0.4401  -0.2134 -11.2507
  0.7200   0.1367  -0.0600   0.0333   0.4046   0.4097  -0.1991 -11.7122
  0.7400   0.1449  -0.0639   0.0324   0.4125   0.3784  -0.1841 -12.1203
  0.7600   0.1532  -0.0674   0.0312   0.4197   0.3463  -0.1684 -12.4726
  0.7800   0.1617  -0.0706   0.0298   0.4263   0.3136  -0.1521 -12.7671
  0.8000   0.1703  -0.0735   0.0282   0.4323   0.2804  -0.1354 -13.0026
  0.8200   0.1790  -0.0760   0.0264   0.4375   0.2469  -0.1183 -13.1778
  0.8400   0.1878  -0.0782   0.0244   0.4421   0.2132  -0.1010 -13.2924
  0.8600   0.1966  -0.0801   0.0222   0.4461   0.1796  -0.0835 -13.3464
  0.8800   0.2056  -0.0816   0.0199   0.4493   0.1460  -0.0660 -13.3404
  0.9000   0.2146  -0.0827   0.0175   0.4519   0.1127  -0.0486 -13.2753
  0.9200   0.2237  -0.0835   0.0149   0.4538   0.0798  -0.0313 -13.1529
  0.9400   0.2328  -0.0840   0.0123   0.4551   0.0474  -0.0143 -12.9751
  0.9600   0.2419  -0.0841   0.0096   0.4557   0.0157   0.0024 -12.7445
  0.9800   0.2510  -0.0839   0.0070   0.4557  -0.0152   0.0186 -12.4638
  1.0000   0.2601  -0.0833   0.0042   0.4551  -0.0453   0.0344 -12.1364
  1.0200   0.2692  -0.0825   0.0015   0.4539  -0.0743   0.0495 -11.7655
  1.0400   0.2782  -0.0814  -0.0012   0.4522  -0.1023   0.0640 -11.3549
  1.0600   0.2873  -0.0799  -0.0038   0.4499  -0.1291   0.0778 -10.9082
  1.0800   0.2962  -0.0782  -0.0064   0.4470  -0.1546   0.0908 -10.4294
  1.1000   0.3051  -0.0763  -0.0090   0.4437  -0.1788   0.1031  -9.9222
  1.1200   0.3140  -0.0741  -0.0114   0.4399  -0.2017   0.1146  -9.3904
  1.1400   0.3227  -0.0717  -0.0138   0.4356  -0.2231   0.1252  -8.8378
  1.1600   0.3314  -0.0691  -0.0161   0.4310  -0.2431   0.1349  -8.2681
  1.1800   0.3400  -0.0663  -0.0183   0.4259  -0.2616   0.1438  -7.6846
  1.2000   0.3484  -0.0634  -0.0205   0.4205  -0.2785   0.1518  -7.0906
  1.2200   0.3568  -0.0603  -0.0225   0.4148  -0.2939   0.1589  -6.4895
  1.2400   0.3650  -0.0570  -0.0244   0.4088  -0.3078   0.1651  -5.8840
  1.2600   0.3731  -0.0537  -0.0262   0.4025  -0.3200   0.1704  -5.2770
  1.2800   0.3811  -0.0502  -0.0278   0.3960  -0.3308   0.1749  -4.6712
  1.3000   0.3890  -0.0467  -0.0294   0.3893  -0.3400   0.1785  -4.0689
  1.3200   0.3967  -0.0431  -0.0308   0.3824  -0.3477   0.1813  -3.4724
  1.3400   0.4043  -0.0394  -0.0321   0.3754  -0.3539   0.1832  -2.8839
  1.3600   0.4117  -0.0358  -0.0333   0.3683  -0.3586   0.1843  -2.3054
  1.3800   0.4190  -0.0321  -0.0343   0.3611  -0.3619   0.1846  -1.7387
  1.4000   0.4262  -0.0284  -0.0353   0.3538  -0.3637   0.1841  -1.1856
  1.4200   0.4332  -0.0247  -0.0360   0.3465  -0.3642   0.1829  -0.6478
  1.4400   0.4400  -0.0211  -0.0367   0.3393  -0.3634   0.1809  -0.1268
  1.4600   0.4467  -0.0175  -0.0372   0.3320  -0.3614   0.1783   0.3759
  1.4800   0.4533  -0.0139  -0.0376   0.3248  -0.3581   0.1749   0.8588
  1.5000   0.4597  -0.0105  -0.0378   0.3177  -0.3537   0.1710   1.3207
  1.5200   0.4660  -0.0071  -0.0379   0.3107  -0.3482   0.1664   1.7603
  1.5400   0.4722  -0.0038  -0.0379   0.3038  -0.3417   0.1612   2.1765
  1.5600   0.4782  -0.0007  -0.0377   0.2970  -0.3342   0.1555   2.5681
  1.5800   0.4840   0.0024  -0.0374   0.2904  -0.3258   0.1492   2.9342
  1.6000   0.4898   0.0053  -0.0370   0.2840  -0.3166   0.1425   3.2739
  1.6200   0.4954   0.0081  -0.0364   0.2778  -0.3066   0.1354   3.5863
  1.6400   0.5009   0.0107  -0.0357   0.2718  -0.2960   0.1279   3.8707
  1.6600   0.5063   0.0132  -0.0350   0.2660  -0.2848   0.1200   4.1266
  1.6800   0.5115   0.0155  -0.0340   0.2604  -0.2730   0.1118   4.3535
  1.7000   0.5167   0.0177  -0.0330   0.2550  -0.2608   0.1034   4.5510
  1.7200   0.5217   0.0196  -0.0319   0.2499  -0.2483   0.0947   4.7191
  1.7400   0.5267   0.0215  -0.0307   0.2451  -0.2354   0.0859   4.8575
  1.7600   0.5315   0.0231  -0.0294   0.2405  -0.2224   0.0769   4.9665
  1.7800   0.5363   0.0245  -0.0281   0.2362  -0.2092   0.0679   5.0461
  1.8000   0.5410   0.0258  -0.0266   0.2322  -0.1959   0.0588   5.0970
  1.8200   0.5456   0.0269  -0.0252   0.2284  -0.1826   0.0498   5.1194
  1.8400   0.5501   0.0278  -0.0236   0.2249  -0.1694   0.0408   5.1142
  1.8600   0.5546   0.0285  -0.0220   0.2216  -0.1564   0.0318   5.0821
  1.8800   0.5590   0.0291  -0.0204   0.2186  -0.1435   0.0231   5.0240
  1.9000   0.5633   0.0294  -0.0188   0.2159  -0.1309   0.0145   4.9410
  1.9200   0.5676   0.0296  -0.0171   0.2134  -0.1187   0.0061   4.8343
  1.9400   0.5719   0.0297  -0.0154   0.2111  -0.1068  -0.0021   4.7050
  1.9600   0.5761   0.0296  -0.0137   0.2091  -0.0953  -0.0099   4.5547
  1.9800   0.5802   0.0293  -0.0121   0.2073  -0.0843  -0.0175   4.3846
  2.0000   0.5844   0.0289  -0.0104   0.2057  -0.0739  -0.0247   4.1963
  2.0200   0.5885   0.0283  -0.0088   0.2043  -0.0640  -0.0316   3.9913
  2.0400   0.5925   0.0276  -0.0072   0.2031  -0.0547  -0.0381   3.7711
  2.0600   0.5966   0.0268  -0.0056   0.2021  -0.0460  -0.0441   3.5375
  2.0800   0.6006   0.0258  -0.0040   0.2013  -0.0380  -0.0498   3.2920
  2.1000   0.6047   0.0248  -0.0026   0.2006  -0.0307  -0.0550   3.0362
  2.1200   0.6087   0.0236  -0.0011   0.2001  -0.0240  -0.0598   2.7717
  2.1400   0.6127   0.0224   0.0003   0.1996  -0.0181  -0.0641   2.5002
  2.1600   0.6166   0.0211   0.0016   0.1993  -0.0129  -0.0680   2.2233
  2.1800   0.6206   0.0197   0.0029   0.1991  -0.0084  -0.0714   1.9424
  2.2000   0.6246   0.0182   0.0041   0.1990  -0.0047  -0.0744   1.6592
  2.2200   0.6286   0.0167   0.0052   0.1989  -0.0017  -0.0768   1.3750
  2.2400   0.6326   0.0152   0.0063   0.1989   0.0006  -0.0788   1.0914
  2.2600   0.6365   0.0136   0.0072   0.1989   0.0021  -0.0804   0.8096
  2.2800   0.6405   0.0119   0.0081   0.1990   0.0029  -0.0815   0.5311
  2.3000   0.6445   0.0103   0.0090   0.1990   0.0031  -0.0822   0.2570
  2.3200   0.6485   0.0087   0.0097   0.1991   0.0025  -0.0824  -0.0114
  2.3400   0.6525   0.0070   0.0104   0.1991   0.0013  -0.0822  -0.2730
  2.3600   0.6565   0.0054   0.0110   0.1991  -0.0005  -0.0816  -0.5267
  2.3800   0.6604   0.0037   0.0115   0.1991  -0.0030  -0.0806  -0.7715
  2.4000   0.6644   0.0021   0.0119   0.1990  -0.0061  -0.0793  -1.0065
  2.4200   0.6684   0.0006   0.0123   0.1989  -0.0097  -0.0776  -1.2309
  2.4400   0.6724  -0.0010   0.0126   0.1986  -0.0138  -0.0755  -1.4438
  2.4600   0.6763  -0.0024   0.0128   0.1983  -0.0185  -0.0732  -1.6447
  2.4800   0.6803  -0.0039   0.0129   0.1979  -0.0236  -0.0705  -1.8327
  2.5000   0.6843  -0.0053   0.0130   0.1974  -0.0291  -0.0676  -2.0075
  2.5200   0.6882  -0.0066   0.0130   0.1967  -0.0350  -0.0644  -2.1684
  2.5400   0.6921  -0.0078   0.0129   0.1960  -0.0413  -0.0610  -2.3152
  2.5600   0.6960  -0.0090   0.0128   0.1951  -0.0479  -0.0574  -2.4475
  2.5800   0.6999  -0.0101   0.0126   0.1940  -0.0547  -0.0536  -2.5651
  2.6000   0.7038  -0.0112   0.0123   0.1929  -0.0618  -0.0496  -2.6678
  2.6200   0.7076  -0.0121   0.0120   0.1916  -0.0691  -0.0455  -2.7556
  2.6400   0.7115  -0.0130   0.0117   0.1901  -0.0766  -0.0413  -2.8284
  2.6600   0.7152  -0.0138   0.0113   0.1885  -0.0842  -0.0371  -2.8863
  2.6800   0.7190  -0.0145   0.0109   0.1867  -0.0919  -0.0327  -2.9294
  2.7000   0.7227  -0.0151   0.0104   0.1848  -0.0996  -0.0283  -2.9580
  2.7200   0.7264  -0.0156   0.0099   0.1827  -0.1074  -0.0239  -2.9722
  2.7400   0.7300  -0.0160   0.0093   0.1805  -0.1151  -0.0195  -2.9725
  2.7600   0.7336  -0.0164   0.0088   0.1781  -0.1228  -0.0151  -2.9592
  2.7800   0.7371  -0.0166   0.0082   0.1756  -0.1304  -0.0108  -2.9327
  2.8000   0.7406  -0.0168   0.0076   0.1729  -0.1378  -0.0065  -2.8936
  2.8200   0.7441  -0.0169   0.0069   0.1701  -0.1451  -0.0023  -2.8424
  2.8400   0.7474  -0.0169   0.0063   0.1671  -0.1523   0.0018  -2.7796
  2.8600   0.7507  -0.0168   0.0057   0.1640  -0.1592   0.0058  -2.7058
  2.8800   0.7540  -0.0167   0.0050   0.1608  -0.1659   0.0096  -2.6218
  2.9000   0.7572  -0.0164   0.0044   0.1574  -0.1724   0.0134  -2.5282
  2.9200   0.7603  -0.0161   0.0037   0.1539  -0.1786   0.0169  -2.4256
  2.9400   0.7633  -0.0158   0.0031   0.1502  -0.1845   0.0203  -2.3148
  2.9600   0.7663  -0.0153   0.0025   0.1465  -0.1900   0.0235  -2.1965
  2.9800   0.7692  -0.0148   0.0019   0.1426  -0.1953   0.0266  -2.0715
  3.0000   0.7720  -0.0143   0.0013   0.1387  -0.2002   0.0294  -1.9405
  3.0200   0.7747  -0.0136   0.0007   0.1346  -0.2047   0.0320  -1.8042
  3.0400   0.7774  -0.0130   0.0001   0.1305  -0.2089   0.0344  -1.6633
  3.0600   0.7800  -0.0123  -0.0004   0.1263  -0.2127   0.0367  -1.5188
  3.0800   0.7824  -0.0115  -0.0010   0.1220  -0.2161   0.0387  -1.3711
  3.1000   0.7848  -0.0107  -0.0015   0.1176  -0.2191   0.0404  -1.2212
  3.1200   0.7871  -0.0099  -0.0019   0.1132  -0.2218   0.0420  -1.0697
  3.1400   0.7894  -0.0091  -0.0024   0.1088  -0.2240   0.0433  -0.9172
  3.1600   0.7915  -0.0082  -0.0028   0.1043  -0.2259   0.0444  -0.7646
  3.1800   0.7935  -0.0073  -0.0031   0.0997  -0.2274   0.0453  -0.6123
  3.2000   0.7955  -0.0064  -0.0035   0.0952  -0.2285   0.0460  -0.4612
  3.2200   0.7973  -0.0054  -0.0038   0.0906  -0.2292   0.0464  -0.3117
  3.2400   0.7991  -0.0045  -0.0041   0.0860  -0.2295   0.0467  -0.1646
  3.2600   0.8008  -0.0036  -0.0043   0.0814  -0.2295   0.0467  -0.0202
  3.2800   0.8024  -0.0026  -0.0045   0.0768  -0.2291   0.0466   0.1207
  3.3000   0.8039  -0.0017  -0.0047   0.0723  -0.2284   0.0462   0.2578
  3.3200   0.8053  -0.0008  -0.0048   0.0677  -0.2274   0.0457   0.3905
  3.3400   0.8066   0.0001  -0.0049   0.0632  -0.2260   0.0450   0.5184
  3.3600   0.8078   0.0010  -0.0050   0.0587  -0.2243   0.0441   0.6411
  3.3800   0.8089   0.0019  -0.0050   0.0542  -0.2224   0.0430   0.7583
  3.4000   0.8100   0.0027  -0.0050   0.0498  -0.2201   0.0418   0.8694
  3.4200   0.8109   0.0036  -0.0049   0.0454  -0.2177   0.0405   0.9744
  3.4400   0.8118   0.0043  -0.0049   0.0411  -0.2149   0.0390   1.0728
  3.4600   0.8125   0.0051  -0.0048   0.0368  -0.2120   0.0374   1.1645
  3.4800   0.8132   0.0058  -0.0046   0.0326  -0.2088   0.0357   1.2492
  3.5000   0.8139   0.0065  -0.0045   0.0285  -0.2055   0.0338   1.3269
  3.5200   0.8144   0.0072  -0.0043   0.0244  -0.2020   0.0319   1.3973
  3.5400   0.8148   0.0078  -0.0040   0.0204  -0.1984   0.0299   1.4603
  3.5600   0.8152   0.0084  -0.0038   0.0165  -0.1946   0.0279   1.5160
  3.5800   0.8155   0.0089  -0.0035   0.0126  -0.1907   0.0258   1.5642
  3.6000   0.8157   0.0094  -0.0032   0.0088  -0.1868   0.0236   1.6050
  3.6200   0.8158   0.0099  -0.0029   0.0051  -0.1827   0.0214   1.6385
  3.6400   0.8159   0.0103  -0.0026   0.0015  -0.1786   0.0192   1.6647
  3.6600   0.8159   0.0106  -0.0022  -0.0020  -0.1745   0.0169   1.6838
  3.6800   0.8158   0.0110  -0.0019  -0.0055  -0.1704   0.0147   1.6958
  3.7000   0.8157   0.0112  -0.0015  -0.0088  -0.1662   0.0125   1.7009
  3.7200   0.8155   0.0115  -0.0011  -0.0121  -0.1621   0.0103   1.6994
  3.7400   0.8152   0.0116  -0.0007  -0.0153  -0.1580   0.0081   1.6915
  3.7600   0.8149   0.0118  -0.0003  -0.0184  -0.1540   0.0059   1.6773
  3.7800   0.8145   0.0119   0.0001  -0.0215  -0.1501   0.0038   1.6573
  3.8000   0.8140   0.0119   0.0005  -0.0244  -0.1462   0.0018   1.6316
  3.8200   0.8135   0.0119   0.0010  -0.0273  -0.1424  -0.0002   1.6005
  3.8400   0.8129   0.0119   0.0014  -0.0301  -0.1387  -0.0021   1.5645
  3.8600   0.8123   0.0119   0.0018  -0.0329  -0.1351  -0.0040   1.5237
  3.8800   0.8116   0.0118   0.0022  -0.0355  -0.1316  -0.0057   1.4787
  3.9000   0.8109   0.0116   0.0026  -0.0381  -0.1283  -0.0074   1.4297
  3.9200   0.8101   0.0115   0.0030  -0.0407  -0.1251  -0.0090   1.3771
  3.9400   0.8092   0.0113   0.0034  -0.0431  -0.1221  -0.0104   1.3213
  3.9600   0.8083   0.0111   0.0038  -0.0456  -0.1192  -0.0118   1.2626
  3.9800   0.8074   0.0108   0.0041  -0.0479  -0.1165  -0.0131   1.2014
  4.0000   0.8064   0.0105   0.0045  -0.0502  -0.1140  -0.0142   1.1382
  4.0200   0.8054   0.0102   0.0048  -0.0525  -0.1116  -0.0153   1.0733
  4.0400   0.8043   0.0099   0.0052  -0.0547  -0.1094  -0.0162   1.0070
  4.0600   0.8032   0.0096   0.0055  -0.0569  -0.1074  -0.0171   0.9398
  4.0800   0.8021   0.0092   0.0058  -0.0590  -0.1056  -0.0178   0.8720
  4.1000   0.8009   0.0089   0.0060  -0.0611  -0.1039  -0.0184   0.8039
  4.1200   0.7996   0.0085   0.0063  -0.0631  -0.1024  -0.0189   0.7360
  4.1400   0.7983   0.0081   0.0065  -0.0652  -0.1011  -0.0193   0.6684
  4.1600   0.7970   0.0077   0.0068  -0.0672  -0.1000  -0.0196   0.6016
  4.1800   0.7956   0.0073   0.0070  -0.0692  -0.0990  -0.0197   0.5359
  4.2000   0.7942   0.0069   0.0072  -0.0712  -0.0982  -0.0198   0.4715
  4.2200   0.7928   0.0065   0.0073  -0.0731  -0.0975  -0.0198   0.4088
  4.2400   0.7913   0.0062   0.0075  -0.0751  -0.0970  -0.0196   0.3479
  4.2600   0.7898   0.0058   0.0076  -0.0770  -0.0967  -0.0194   0.2892
  4.2800   0.7882   0.0054   0.0077  -0.0789  -0.0964  -0.0191   0.2329
  4.3000   0.7866   0.0050   0.0078  -0.0809  -0.0964  -0.0187   0.1791
  4.3200   0.7850   0.0046   0.0079  -0.0828  -0.0964  -0.0182   0.1281
  4.3400   0.7833   0.0043   0.0079  -0.0847  -0.0966  -0.0176   0.0800
  4.3600   0.7816   0.0039   0.0080  -0.0866  -0.0968  -0.0170   0.0349
  4.3800   0.7799   0.0036   0.0080  -0.0886  -0.0972  -0.0163  -0.0069
  4.4000   0.7781   0.0033   0.0080  -0.0905  -0.0977  -0.0155  -0.0454
  4.4200   0.7762   0.0030   0.0080  -0.0925  -0.0983  -0.0147  -0.0804
  4.4400   0.7744   0.0027   0.0079  -0.0945  -0.0989  -0.0138  -0.1120
  4.4600   0.7725   0.0024   0.0079  -0.0965  -0.0996  -0.0129  -0.1400
  4.4800   0.7705   0.0022   0.0078  -0.0985  -0.1003  -0.0120  -0.1645
  4.5000   0.7685   0.0019   0.0077  -0.1005  -0.1011  -0.0110  -0.1853
  4.5200   0.7665   0.0017   0.0077  -0.1025  -0.1020  -0.0100  -0.2025
  4.5400   0.7644   0.0015   0.0076  -0.1045  -0.1028  -0.0090  -0.2162
  4.5600   0.7623   0.0014   0.0075  -0.1066  -0.1037  -0.0079  -0.2263
  4.5800   0.7602   0.0012   0.0073  -0.1087  -0.1046  -0.0069  -0.2328
  4.6000   0.7580   0.0011   0.0072  -0.1108  -0.1055  -0.0058  -0.2360
  4.6200   0.7557   0.0010   0.0071  -0.1129  -0.1064  -0.0047  -0.2357
  4.6400   0.7534   0.0009   0.0069  -0.1151  -0.1073  -0.0037  -0.2322
  4.6600   0.7511   0.0008   0.0068  -0.1172  -0.1081  -0.0026  -0.2255
  4.6800   0.7488   0.0008   0.0066  -0.1194  -0.1090  -0.0016  -0.2158
  4.7000   0.7463   0.0008   0.0065  -0.1216  -0.1097  -0.0006  -0.2031
  4.7200   0.7439   0.0008   0.0063  -0.1238  -0.1105   0.0004  -0.1877
  4.7400   0.7414   0.0008   0.0062  -0.1260  -0.1112   0.0013  -0.1696
  4.7600   0.7389   0.0008   0.0060  -0.1282  -0.1118   0.0023  -0.1490
  4.7800   0.7363   0.0009   0.0058  -0.1305  -0.1124   0.0032  -0.1260
  4.8000   0.7336   0.0010   0.0057  -0.1327  -0.1129   0.0040  -0.1009
  4.8200   0.7310   0.0010   0.0055  -0.1350  -0.1133   0.0048  -0.0739
  4.8400   0.7282   0.0011   0.0053  -0.1372  -0.1137   0.0056  -0.0450
  4.8600   0.7255   0.0013   0.0052  -0.1395  -0.1139   0.0063  -0.0144
  4.8800   0.7227   0.0014   0.0050  -0.1418  -0.1141   0.0070   0.0175
  4.9000   0.7198   0.0015   0.0049  -0.1441  -0.1142   0.0076   0.0508
  4.9200   0.7169   0.0017   0.0047  -0.1464  -0.1142   0.0082   0.0851
  4.9400   0.7139   0.0019   0.0046  -0.1486  -0.1142   0.0087   0.1203
  4.9600   0.7109   0.0021   0.0045  -0.1509  -0.1140   0.0092   0.1563
  4.9800   0.7079   0.0022   0.0043  -0.1532  -0.1137   0.0096   0.1927
  5.0000   0.7048   0.0024   0.0042  -0.1555  -0.1134   0.0100   0.2295
  5.0200   0.7017   0.0026   0.0041  -0.1577  -0.1129   0.0103   0.2665
  5.0400   0.6985   0.0028   0.0040  -0.1600  -0.1123   0.0105   0.3035
  5.0600   0.6953   0.0031   0.0039  -0.1622  -0.1117   0.0107   0.3404
  5.0800   0.6920   0.0033   0.0038  -0.1645  -0.1109   0.0108   0.3769
  5.1000   0.6887   0.0035   0.0037  -0.1667  -0.1101   0.0109   0.4130
  5.1200   0.6854   0.0037   0.0037  -0.1689  -0.1092   0.0110   0.4484
  5.1400   0.6820   0.0039   0.0036  -0.1710  -0.1082   0.0110   0.4831
  5.1600   0.6785   0.0042   0.0035  -0.1732  -0.1071   0.0109   0.5168
  5.1800   0.6750   0.0044   0.0035  -0.1753  -0.1059   0.0108   0.5496
  5.2000   0.6715   0.0046   0.0034  -0.1774  -0.1046   0.0106   0.5812
  5.2200   0.6679   0.0048   0.0034  -0.1795  -0.1033   0.0104   0.6115
  5.2400   0.6643   0.0050   0.0034  -0.1816  -0.1019   0.0102   0.6405
  5.2600   0.6607   0.0052   0.0034  -0.1836  -0.1004   0.0099   0.6680
  5.2800   0.6570   0.0054   0.0034  -0.1856  -0.0989   0.0096   0.6941
  5.3000   0.6532   0.0056   0.0034  -0.1875  -0.0973   0.0092   0.7185
  5.3200   0.6495   0.0058   0.0034  -0.1895  -0.0956   0.0088   0.7413
  5.3400   0.6457   0.0059   0.0034  -0.1914  -0.0939   0.0084   0.7623
  5.3600   0.6418   0.0061   0.0034  -0.1932  -0.0922   0.0080   0.7816
  5.3800   0.6379   0.0063   0.0035  -0.1950  -0.0904   0.0075   0.7991
  5.4000   0.6340   0.0064   0.0035  -0.1968  -0.0886   0.0070   0.8148
  5.4200   0.6301   0.0065   0.0036  -0.1986  -0.0867   0.0065   0.8286
  5.4400   0.6261   0.0067   0.0036  -0.2003  -0.0848   0.0060   0.8406
  5.4600   0.6221   0.0068   0.0037  -0.2020  -0.0829   0.0055   0.8507
  5.4800   0.6180   0.0069   0.0037  -0.2036  -0.0810   0.0049   0.8590
  5.5000   0.6139   0.0070   0.0038  -0.2052  -0.0790   0.0044   0.8655
  5.5200   0.6098   0.0071   0.0039  -0.2068  -0.0771   0.0038   0.8702
  5.5400   0.6056   0.0071   0.0039  -0.2083  -0.0751   0.0032   0.8731
  5.5600   0.6015   0.0072   0.0040  -0.2098  -0.0731   0.0027   0.8742
  5.5800   0.5972   0.0072   0.0041  -0.2112  -0.0712   0.0021   0.8738
  5.6000   0.5930   0.0073   0.0042  -0.2126  -0.0692   0.0016   0.8716
  5.6200   0.5887   0.0073   0.0042  -0.2140  -0.0673   0.0010   0.8679
  5.6400   0.5844   0.0073   0.0043  -0.2153  -0.0654   0.0005   0.8627
  5.6600   0.5801   0.0073   0.0044  -0.2166  -0.0635  -0.0000   0.8561
  5.6800   0.5758   0.0073   0.0045  -0.2179  -0.0616  -0.0005   0.8481
  5.7000   0.5714   0.0073   0.0046  -0.2191  -0.0598  -0.0010   0.8388
  5.7200   0.5670   0.0073   0.0047  -0.2203  -0.0579  -0.0015   0.8283
  5.7400   0.5626   0.0072   0.0047  -0.2214  -0.0561  -0.0019   0.8166
  5.7600   0.5582   0.0072   0.0048  -0.2225  -0.0544  -0.0023   0.8040
  5.7800   0.5537   0.0071   0.0049  -0.2236  -0.0526  -0.0028   0.7903
  5.8000   0.5492   0.0071   0.0050  -0.2246  -0.0510  -0.0031   0.7758
  5.8200   0.5447   0.0070   0.0051  -0.2256  -0.0493  -0.0035   0.7606
  5.8400   0.5402   0.0069   0.0051  -0.2266  -0.0477  -0.0038   0.7447
  5.8600   0.5357   0.0069   0.0052  -0.2275  -0.0461  -0.0041   0.7281
  5.8800   0.5311   0.0068   0.0053  -0.2284  -0.0446  -0.0044   0.7111
  5.9000   0.5265   0.0067   0.0053  -0.2293  -0.0431  -0.0047   0.6937
  5.9200   0.5219   0.0066   0.0054  -0.2302  -0.0417  -0.0049   0.6760
  5.9400   0.5173   0.0065   0.0054  -0.2310  -0.0403  -0.0051   0.6580
  5.9600   0.5127   0.0064   0.0055  -0.2318  -0.0390  -0.0053   0.6399
  5.9800   0.5080   0.0063   0.0055  -0.2325  -0.0377  -0.0054   0.6218
  6.0000   0.5034   0.0062   0.0056  -0.2333  -0.0364  -0.0056   0.6037
  6.0200   0.4987   0.0061   0.0056  -0.2340  -0.0352  -0.0057   0.5856
  6.0400   0.4940   0.0059   0.0057  -0.2347  -0.0341  -0.0057   0.5678
  6.0600   0.4893   0.0058   0.0057  -0.2354  -0.0330  -0.0058   0.5502
  6.0800   0.4846   0.0057   0.0057  -0.2360  -0.0319  -0.0058   0.5330
  6.1000   0.4799   0.0056   0.0057  -0.2366  -0.0308  -0.0058   0.5161
  6.1200   0.4751   0.0055   0.0057  -0.2372  -0.0298  -0.0058   0.4997
  6.1400   0.4704   0.0054   0.0057  -0.2378  -0.0289  -0.0057   0.4839
  6.1600   0.4656   0.0053   0.0058  -0.2384  -0.0280  -0.0056   0.4685
  6.1800   0.4609   0.0051   0.0058  -0.2389  -0.0271  -0.0055   0.4538
  6.2000   0.4561   0.0050   0.0057  -0.2395  -0.0262  -0.0054   0.4398
  6.2200   0.4513   0.0049   0.0057  -0.2400  -0.0254  -0.0053   0.4264
  6.2400   0.4465   0.0048   0.0057  -0.2405  -0.0246  -0.0051   0.4138
  6.2600   0.4417   0.0047   0.0057  -0.2410  -0.0239  -0.0050   0.4019
  6.2800   0.4368   0.0046   0.0057  -0.2414  -0.0231  -0.0048   0.3908
  6.3000   0.4320   0.0045   0.0056  -0.2419  -0.0224  -0.0046   0.3806
  6.3200   0.4272   0.0044   0.0056  -0.2423  -0.0217  -0.0044   0.3711
  6.3400   0.4223   0.0043   0.0056  -0.2428  -0.0211  -0.0042   0.3625
  6.3600   0.4175   0.0043   0.0055  -0.2432  -0.0204  -0.0040   0.3548
  6.3800   0.4126   0.0042   0.0055  -0.2436  -0.0198  -0.0037   0.3478
  6.4000   0.4077   0.0041   0.0055  -0.2440  -0.0192  -0.0035   0.3418
  6.4200   0.4028   0.0040   0.0054  -0.2444  -0.0185  -0.0033   0.3366
  6.4400   0.3979   0.0040   0.0054  -0.2447  -0.0179  -0.0030   0.3322
  6.4600   0.3930   0.0039   0.0053  -0.2451  -0.0173  -0.0028   0.3286
  6.4800   0.3881   0.0039   0.0052  -0.2454  -0.0167  -0.0025   0.3258
  6.5000   0.3832   0.0038   0.0052  -0.2457  -0.0161  -0.0023   0.3239
  6.5200   0.3783   0.0038   0.0051  -0.2461  -0.0155  -0.0020   0.3227
  6.5400   0.3734   0.0037   0.0051  -0.2464  -0.0149  -0.0018   0.3222
  6.5600   0.3684   0.0037   0.0050  -0.2467  -0.0143  -0.0016   0.3224
  6.5800   0.3635   0.0037   0.0049  -0.2469  -0.0137  -0.0013   0.3233
  6.6000   0.3586   0.0037   0.0049  -0.2472  -0.0131  -0.0011   0.3249
  6.6200   0.3536   0.0036   0.0048  -0.2475  -0.0125  -0.0009   0.3270
  6.6400   0.3487   0.0036   0.0048  -0.2477  -0.0119  -0.0007   0.3297
  6.6600   0.3437   0.0036   0.0047  -0.2479  -0.0112  -0.0005   0.3330
  6.6800   0.3388   0.0036   0.0046  -0.2482  -0.0106  -0.0003   0.3367
  6.7000   0.3338   0.0036   0.0046  -0.2484  -0.0099  -0.0001   0.3409
  6.7200   0.3288   0.0036   0.0045  -0.2486  -0.0092   0.0001   0.3455
  6.7400   0.3238   0.0036   0.0044  -0.2487  -0.0085   0.0003   0.3505
  6.7600   0.3189   0.0036   0.0044  -0.2489  -0.0078   0.0004   0.3557
  6.7800   0.3139   0.0036   0.0043  -0.2490  -0.0071   0.0006   0.3613
  6.8000   0.3089   0.0036   0.0043  -0.2492  -0.0064   0.0007   0.3671
  6.8200   0.3039   0.0036   0.0042  -0.2493  -0.0056   0.0008   0.3730
  6.8400   0.2989   0.0037   0.0041  -0.2494  -0.0048   0.0009   0.3791
  6.8600   0.2939   0.0037   0.0041  -0.2495  -0.0040   0.0010   0.3853
  6.8800   0.2890   0.0037   0.0040  -0.2496  -0.0032   0.0011   0.3916
  6.9000   0.2840   0.0037   0.0040  -0.2496  -0.0024   0.0011   0.3978
  6.9200   0.2790   0.0038   0.0039  -0.2497  -0.0015   0.0012   0.4040
  6.9400   0.2740   0.0038   0.0039  -0.2497  -0.0007   0.0012   0.4102
  6.9600   0.2690   0.0038   0.0038  -0.2497   0.0002   0.0012   0.4163
  6.9800   0.2640   0.0038   0.0038  -0.2497   0.0011   0.0012   0.4222
  7.0000   0.2590   0.0038   0.0037  -0.2496   0.0020   0.0012   0.4279
  7.0200   0.2540   0.0039   0.0037  -0.2496   0.0030   0.0012   0.4334
  7.0400   0.2490   0.0039   0.0037  -0.2495   0.0039   0.0012   0.4387
  7.0600   0.2440   0.0039   0.0036  -0.2494   0.0049   0.0012   0.4437
  7.0800   0.2390   0.0039   0.0036  -0.2493   0.0058   0.0011   0.4485
  7.1000   0.2341   0.0040   0.0035  -0.2492   0.0068   0.0011   0.4528
  7.1200   0.2291   0.0040   0.0035  -0.2491   0.0078   0.0010   0.4569
  7.1400   0.2241   0.0040   0.0035  -0.2489   0.0088   0.0009   0.4606
  7.1600   0.2191   0.0040   0.0035  -0.2487   0.0098   0.0008   0.4639
  7.1800   0.2141   0.0040   0.0034  -0.2485   0.0109   0.0007   0.4668
  7.2000   0.2092   0.0041   0.0034  -0.2483   0.0119   0.0006   0.4693
  7.2200   0.2042   0.0041   0.0034  -0.2480   0.0129   0.0005   0.4713
  7.2400   0.1993   0.0041   0.0034  -0.2478   0.0140   0.0004   0.4730
  7.2600   0.1943   0.0041   0.0033  -0.2475   0.0150   0.0003   0.4741
  7.2800   0.1894   0.0041   0.0033  -0.2472   0.0161   0.0002   0.4749
  7.3000   0.1844   0.0041   0.0033  -0.2468   0.0171   0.0001   0.4752
  7.3200   0.1795   0.0041   0.0033  -0.2465   0.0182  -0.0001   0.4750
  7.3400   0.1746   0.0041   0.0033  -0.2461   0.0192  -0.0002   0.4744
  7.3600   0.1696   0.0041   0.0033  -0.2457   0.0203  -0.0003   0.4733
  7.3800   0.1647   0.0041   0.0032  -0.2453   0.0213  -0.0005   0.4718
  7.4000   0.1598   0.0041   0.0032  -0.2448   0.0224  -0.0006   0.4699
  7.4200   0.1549   0.0040   0.0032  -0.2444   0.0234  -0.0007   0.4675
  7.4400   0.1501   0.0040   0.0032  -0.2439   0.0244  -0.0009   0.4648
  7.4600   0.1452   0.0040   0.0032  -0.2434   0.0255  -0.0010   0.4616
  7.4800   0.1403   0.0040   0.0032  -0.2429   0.0265  -0.0011   0.4580
  7.5000   0.1355   0.0040   0.0032  -0.2423   0.0275  -0.0013   0.4541
  7.5200   0.1306   0.0039   0.0032  -0.2418   0.0285  -0.0014   0.4498
  7.5400   0.1258   0.0039   0.0032  -0.2412   0.0295  -0.0015   0.4451
  7.5600   0.1210   0.0039   0.0032  -0.2406   0.0305  -0.0016   0.4402
  7.5800   0.1162   0.0038   0.0032  -0.2400   0.0314  -0.0018   0.4349
  7.6000   0.1114   0.0038   0.0031  -0.2394   0.0324  -0.0019   0.4294
  7.6200   0.1066   0.0038   0.0031  -0.2387   0.0333  -0.0020   0.4236
  7.6400   0.1018   0.0037   0.0031  -0.2380   0.0342  -0.0021   0.4175
  7.6600   0.0971   0.0037   0.0031  -0.2373   0.0351  -0.0022   0.4112
  7.6800   0.0923   0.0036   0.0031  -0.2366   0.0360  -0.0023   0.4047
  7.7000   0.0876   0.0036   0.0031  -0.2359   0.0369  -0.0023   0.3981
  7.7200   0.0829   0.0036   0.0031  -0.2351   0.0378  -0.0024   0.3913
  7.7400   0.0782   0.0035   0.0031  -0.2344   0.0386  -0.0025   0.3843
  7.7600   0.0735   0.0035   0.0031  -0.2336   0.0395  -0.0026   0.3773
  7.7800   0.0689   0.0034   0.0030  -0.2328   0.0403  -0.0026   0.3701
  7.8000   0.0642   0.0033   0.0030  -0.2320   0.0411  -0.0027   0.3629
  7.8200   0.0596   0.0033   0.0030  -0.2312   0.0418  -0.0027   0.3557
  7.8400   0.0550   0.0032   0.0030  -0.2303   0.0426  -0.0028   0.3484
  7.8600   0.0504   0.0032   0.0030  -0.2295   0.0434  -0.0028   0.3411
  7.8800   0.0458   0.0031   0.0030  -0.2286   0.0441  -0.0028   0.3338
  7.9000   0.0412   0.0031   0.0029  -0.2277   0.0448  -0.0028   0.3266
  7.9200   0.0367   0.0030   0.0029  -0.2268   0.0455  -0.0029   0.3194
  7.9400   0.0322   0.0030   0.0029  -0.2259   0.0462  -0.0029   0.3122
  7.9600   0.0276   0.0029   0.0029  -0.2249   0.0468  -0.0029   0.3052
  7.9800   0.0232   0.0028   0.0028  -0.2240   0.0475  -0.0029   0.2983
  8.0000   0.0187   0.0028   0.0028  -0.2230   0.0481  -0.0028   0.2914
  8.0200   0.0142   0.0027   0.0028  -0.2221   0.0487  -0.0028   0.2847
  8.0400   0.0098   0.0027   0.0028  -0.2211   0.0493  -0.0028   0.2782
  8.0600   0.0054   0.0026   0.0027  -0.2201   0.0499  -0.0028   0.2717
  8.0800   0.0010   0.0026   0.0027  -0.2191   0.0505  -0.0028   0.2655
  8.1000  -0.0034   0.0025   0.0027  -0.2181   0.0511  -0.0027   0.2594
  8.1200  -0.0077   0.0024   0.0026  -0.2171   0.0516  -0.0027   0.2535
  8.1400  -0.0121   0.0024   0.0026  -0.2160   0.0521  -0.0026   0.2478
  8.1600  -0.0164   0.0023   0.0026  -0.2150   0.0527  -0.0026   0.2423
  8.1800  -0.0207   0.0023   0.0025  -0.2139   0.0532  -0.0025   0.2369
  8.2000  -0.0249   0.0022   0.0025  -0.2128   0.0537  -0.0025   0.2318
  8.2200  -0.0292   0.0022   0.0025  -0.2118   0.0542  -0.0024   0.2269
  8.2400  -0.0334   0.0021   0.0024  -0.2107   0.0547  -0.0024   0.2222
  8.2600  -0.0376   0.0021   0.0024  -0.2096   0.0551  -0.0023   0.2176
  8.2800  -0.0418   0.0021   0.0023  -0.2085   0.0556  -0.0023   0.2133
  8.3000  -0.0459   0.0020   0.0023  -0.2074   0.0560  -0.0022   0.2092
  8.3200  -0.0501   0.0020   0.0023  -0.2062   0.0565  -0.0021   0.2053
  8.3400  -0.0542   0.0019   0.0022  -0.2051   0.0569  -0.0021   0.2016
  8.3600  -0.0583   0.0019   0.0022  -0.2039   0.0574  -0.0020   0.1981
  8.3800  -0.0623   0.0018   0.0021  -0.2028   0.0578  -0.0020   0.1947
  8.4000  -0.0664   0.0018   0.0021  -0.2016   0.0582  -0.0019   0.1916
  8.4200  -0.0704   0.0018   0.0020  -0.2005   0.0586  -0.0018   0.1886
  8.4400  -0.0744   0.0017   0.0020  -0.1993   0.0590  -0.0018   0.1858
  8.4600  -0.0784   0.0017   0.0020  -0.1981   0.0594  -0.0017   0.1832
  8.4800  -0.0823   0.0017   0.0019  -0.1969   0.0598  -0.0017   0.1807
  8.5000  -0.0862   0.0016   0.0019  -0.1957   0.0602  -0.0016   0.1784
  8.5200  -0.0902   0.0016   0.0018  -0.1945   0.0606  -0.0016   0.1762
  8.5400  -0.0940   0.0016   0.0018  -0.1933   0.0610  -0.0015   0.1741
  8.5600  -0.0979   0.0015   0.0017  -0.1921   0.0614  -0.0015   0.1721
  8.5800  -0.1017   0.0015   0.0017  -0.1908   0.0618  -0.0014   0.1703
  8.6000  -0.1055   0.0015   0.0017  -0.1896   0.0622  -0.0014   0.1685
  8.6200  -0.1093   0.0015   0.0016  -0.1883   0.0626  -0.0013   0.1669
  8.6400  -0.1131   0.0014   0.0016  -0.1871   0.0629  -0.0013   0.1653
  8.6600  -0.1168   0.0014   0.0015  -0.1858   0.0633  -0.0012   0.1638
  8.6800  -0.1205   0.0014   0.0015  -0.1846   0.0637  -0.0012   0.1623
  8.7000  -0.1242   0.0014   0.0015  -0.1833   0.0641  -0.0012   0.1609
  8.7200  -0.1278   0.0013   0.0014  -0.1820   0.0644  -0.0012   0.1596
  8.7400  -0.1314   0.0013   0.0014  -0.1807   0.0648  -0.0011   0.1582
  8.7600  -0.1350   0.0013   0.0013  -0.1794   0.0652  -0.0011   0.1569
  8.7800  -0.1386   0.0013   0.0013  -0.1781   0.0655  -0.0011   0.1556
  8.8000  -0.1422   0.0012   0.0013  -0.1768   0.0659  -0.0011   0.1542
  8.8200  -0.1457   0.0012   0.0012  -0.1755   0.0663  -0.0011   0.1529
  8.8400  -0.1492   0.0012   0.0012  -0.1741   0.0666  -0.0011   0.1515
  8.8600  -0.1527   0.0012   0.0011  -0.1728   0.0670  -0.0011   0.1502
  8.8800  -0.1561   0.0012   0.0011  -0.1715   0.0673  -0.0010   0.1487
  8.9000  -0.1595   0.0011   0.0011  -0.1701   0.0677  -0.0010   0.1473
  8.9200  -0.1629   0.0011   0.0010  -0.1687   0.0680  -0.0010   0.1457
  8.9400  -0.1663   0.0011   0.0010  -0.1674   0.0684  -0.0011   0.1442
  8.9600  -0.1696   0.0011   0.0010  -0.1660   0.0687  -0.0011   0.1425
  8.9800  -0.1729   0.0010   0.0009  -0.1646   0.0691  -0.0011   0.1408
  9.0000  -0.1762   0.0010   0.0009  -0.1632   0.0694  -0.0011   0.1391
  9.0200  -0.1794   0.0010   0.0009  -0.1619   0.0698  -0.0011   0.1372
  9.0400  -0.1827   0.0010   0.0008  -0.1605   0.0701  -0.0011   0.1352
  9.0600  -0.1859   0.0010   0.0008  -0.1590   0.0704  -0.0011   0.1332
  9.0800  -0.1890   0.0009   0.0008  -0.1576   0.0708  -0.0011   0.1311
  9.1000  -0.1922   0.0009   0.0007  -0.1562   0.0711  -0.0012   0.1289
  9.1200  -0.1953   0.0009   0.0007  -0.1548   0.0714  -0.0012   0.1266
  9.1400  -0.1983   0.0009   0.0007  -0.1534   0.0717  -0.0012   0.1242
  9.1600  -0.2014   0.0008   0.0007  -0.1519   0.0720  -0.0012   0.1217
  9.1800  -0.2044   0.0008   0.0006  -0.1505   0.0723  -0.0013   0.1191
  9.2000  -0.2074   0.0008   0.0006  -0.1490   0.0726  -0.0013   0.1164
  9.2200  -0.2104   0.0008   0.0006  -0.1476   0.0729  -0.0013   0.1136
  9.2400  -0.2133   0.0007   0.0005  -0.1461   0.0732  -0.0013   0.1108
  9.2600  -0.2162   0.0007   0.0005  -0.1447   0.0735  -0.0014   0.1078
  9.2800  -0.2191   0.0007   0.0005  -0.1432   0.0738  -0.0014   0.1047
  9.3000  -0.2220   0.0007   0.0005  -0.1417   0.0740  -0.0014   0.1016
  9.3200  -0.2248   0.0006   0.0004  -0.1402   0.0743  -0.0014   0.0984
  9.3400  -0.2276   0.0006   0.0004  -0.1387   0.0745  -0.0015   0.0950
  9.3600  -0.2303   0.0006   0.0004  -0.1372   0.0748  -0.0015   0.0916
  9.3800  -0.2331   0.0005   0.0004  -0.1357   0.0750  -0.0015   0.0882
  9.4000  -0.2358   0.0005   0.0003  -0.1342   0.0752  -0.0015   0.0846
  9.4200  -0.2384   0.0005   0.0003  -0.1327   0.0755  -0.0015   0.0810
  9.4400  -0.2411   0.0005   0.0003  -0.1312   0.0757  -0.0016   0.0774
  9.4600  -0.2437   0.0004   0.0003  -0.1297   0.0759  -0.0016   0.0736
  9.4800  -0.2463   0.0004   0.0002  -0.1282   0.0761  -0.0016   0.0699
  9.5000  -0.2488   0.0004   0.0002  -0.1267   0.0763  -0.0016   0.0660
  9.5200  -0.2513   0.0003   0.0002  -0.1251   0.0765  -0.0016   0.0622
  9.5400  -0.2538   0.0003   0.0002  -0.1236   0.0766  -0.0017   0.0582
  9.5600  -0.2563   0.0003   0.0001  -0.1221   0.0768  -0.0017   0.0543
  9.5800  -0.2587   0.0002   0.0001  -0.1205   0.0770  -0.0017   0.0503
  9.6000  -0.2611   0.0002   0.0001  -0.1190   0.0771  -0.0017   0.0464
  9.6200  -0.2634   0.0002   0.0001  -0.1174   0.0772  -0.0017   0.0423
  9.6400  -0.2658   0.0001   0.0000  -0.1159   0.0774  -0.0017   0.0383
  9.6600  -0.2681   0.0001   0.0000  -0.1143   0.0775  -0.0017   0.0343
  9.6800  -0.2704   0.0001  -0.0000  -0.1128   0.0776  -0.0017   0.0303
  9.7000  -0.2726   0.0000  -0.0000  -0.1112   0.0777  -0.0017   0.0263
  9.7200  -0.2748  -0.0000  -0.0001  -0.1097   0.0778  -0.0017   0.0223
  9.7400  -0.2770  -0.0001  -0.0001  -0.1081   0.0779  -0.0017   0.0183
  9.7600  -0.2791  -0.0001  -0.0001  -0.1066   0.0780  -0.0017   0.0143
  9.7800  -0.2812  -0.0001  -0.0001  -0.1050   0.0780  -0.0017   0.0104
  9.8000  -0.2833  -0.0002  -0.0002  -0.1035   0.0781  -0.0017   0.0065
  9.8200  -0.2854  -0.0002  -0.0002  -0.1019   0.0781  -0.0017   0.0026
  9.8400  -0.2874  -0.0002  -0.0002  -0.1003   0.0782  -0.0017  -0.0013
  9.8600  -0.2894  -0.0003  -0.0002  -0.0988   0.0782  -0.0017  -0.0051
  9.8800  -0.2914  -0.0003  -0.0003  -0.0972   0.0782  -0.0017  -0.0089
  9.9000  -0.2933  -0.0003  -0.0003  -0.0956   0.0782  -0.0017  -0.0126
  9.9200  -0.2952  -0.0004  -0.0003  -0.0941   0.0783  -0.0017  -0.0162
  9.9400  -0.2970  -0.0004  -0.0003  -0.0925   0.0783  -0.0016  -0.0199
  9.9600  -0.2989  -0.0004  -0.0004  -0.0909   0.0782  -0.0016  -0.0234
  9.9800  -0.3007  -0.0005  -0.0004  -0.0894   0.0782  -0.0016  -0.0269
 10.0000  -0.3025  -0.0005  -0.0004  -0.0878   0.0782  -0.0016  -0.0304
 10.0200  -0.3042  -0.0005  -0.0005  -0.0862   0.0782  -0.0016  -0.0337
 10.0400  -0.3059  -0.0006  -0.0005  -0.0847   0.0781  -0.0015  -0.0371
 10.0600  -0.3076  -0.0006  -0.0005  -0.0831   0.0781  -0.0015  -0.0403
 10.0800  -0.3092  -0.0006  -0.0005  -0.0816   0.0780  -0.0015  -0.0435
 10.1000  -0.3108  -0.0006  -0.0006  -0.0800   0.0780  -0.0015  -0.0466
 10.1200  -0.3124  -0.0007  -0.0006  -0.0784   0.0779  -0.0015  -0.0497
 10.1400  -0.3140  -0.0007  -0.0006  -0.0769   0.0779  -0.0014  -0.0527
 10.1600  -0.3155  -0.0007  -0.0006  -0.0753   0.0778  -0.0014  -0.0556
 10.1800  -0.3170  -0.0008  -0.0007  -0.0738   0.0777  -0.0014  -0.0585
 10.2000  -0.3185  -0.0008  -0.0007  -0.0722   0.0776  -0.0014  -0.0613
 10.2200  -0.3199  -0.0008  -0.0007  -0.0707   0.0775  -0.0014  -0.0640
 10.2400  -0.3213  -0.0008  -0.0007  -0.0691   0.0774  -0.0013  -0.0667
 10.2600  -0.3227  -0.0009  -0.0008  -0.0676   0.0773  -0.0013  -0.0693
 10.2800  -0.3240  -0.0009  -0.0008  -0.0660   0.0772  -0.0013  -0.0719
 10.3000  -0.3253  -0.0009  -0.0008  -0.0645   0.0771  -0.0013  -0.0744
 10.3200  -0.3266  -0.0009  -0.0009  -0.0629   0.0770  -0.0012  -0.0768
 10.3400  -0.3278  -0.0010  -0.0009  -0.0614   0.0768  -0.0012  -0.0792
 10.3600  -0.3290  -0.0010  -0.0009  -0.0599   0.0767  -0.0012  -0.0815
 10.3800  -0.3302  -0.0010  -0.0009  -0.0583   0.0766  -0.0012  -0.0838
 10.4000  -0.3314  -0.0010  -0.0010  -0.0568   0.0764  -0.0011  -0.0860
 10.4200  -0.3325  -0.0011  -0.0010  -0.0553   0.0763  -0.0011  -0.0882
 10.4400  -0.3336  -0.0011  -0.0010  -0.0538   0.0761  -0.0011  -0.0903
 10.4600  -0.3346  -0.0011  -0.0010  -0.0522   0.0760  -0.0011  -0.0924
 10.4800  -0.3357  -0.0011  -0.0011  -0.0507   0.0758  -0.0011  -0.0945
 10.5000  -0.3367  -0.0011  -0.0011  -0.0492   0.0757  -0.0010  -0.0965
 10.5200  -0.3376  -0.0012  -0.0011  -0.0477   0.0755  -0.0010  -0.0985
 10.5400  -0.3386  -0.0012  -0.0011  -0.0462   0.0753  -0.0010  -0.1004
 10.5600  -0.3395  -0.0012  -0.0011  -0.0447   0.0752  -0.0010  -0.1024
 10.5800  -0.3404  -0.0012  -0.0012  -0.0432   0.0750  -0.0010  -0.1042
 10.6000  -0.3412  -0.0012  -0.0012  -0.0417   0.0748  -0.0010  -0.1061
 10.6200  -0.3420  -0.0013  -0.0012  -0.0402   0.0746  -0.0009  -0.1079
 10.6400  -0.3428  -0.0013  -0.0012  -0.0387   0.0744  -0.0009  -0.1098
 10.6600  -0.3436  -0.0013  -0.0013  -0.0372   0.0742  -0.0009  -0.1116
 10.6800  -0.3443  -0.0013  -0.0013  -0.0357   0.0740  -0.0009  -0.1133
 10.7000  -0.3450  -0.0013  -0.0013  -0.0342   0.0738  -0.0009  -0.1151
 10.7200  -0.3457  -0.0014  -0.0013  -0.0328   0.0736  -0.0009  -0.1169
 10.7400  -0.3463  -0.0014  -0.0013  -0.0313   0.0734  -0.0009  -0.1186
 10.7600  -0.3469  -0.0014  -0.0014  -0.0298   0.0732  -0.0009  -0.1203
 10.7800  -0.3475  -0.0014  -0.0014  -0.0284   0.0730  -0.0009  -0.1221
 10.8000  -0.3481  -0.0014  -0.0014  -0.0269   0.0728  -0.0008  -0.1238
 10.8200  -0.3486  -0.0014  -0.0014  -0.0255   0.0726  -0.0008  -0.1255
 10.8400  -0.3491  -0.0015  -0.0015  -0.0240   0.0723  -0.0008  -0.1272
 10.8600  -0.3495  -0.0015  -0.0015  -0.0226   0.0721  -0.0008  -0.1289
 10.8800  -0.3500  -0.0015  -0.0015  -0.0211   0.0719  -0.0008  -0.1307
 10.9000  -0.3504  -0.0015  -0.0015  -0.0197   0.0716  -0.0008  -0.1324
 10.9200  -0.3508  -0.0015  -0.0015  -0.0183   0.0714  -0.0008  -0.1341
 10.9400  -0.3511  -0.0015  -0.0015  -0.0168   0.0712  -0.0008  -0.1358
 10.9600  -0.3514  -0.0016  -0.0016  -0.0154   0.0709  -0.0008  -0.1375
 10.9800  -0.3517  -0.0016  -0.0016  -0.0140   0.0707  -0.0008  -0.1393
 11.0000  -0.3520  -0.0016  -0.0016  -0.0126   0.0704  -0.0008  -0.1410
 11.0200  -0.3522  -0.0016  -0.0016  -0.0112   0.0702  -0.0008  -0.1427
 11.0400  -0.3524  -0.0016  -0.0016  -0.0098   0.0699  -0.0008  -0.1445
 11.0600  -0.3526  -0.0016  -0.0016  -0.0084   0.0696  -0.0008  -0.1462
 11.0800  -0.3528  -0.0017  -0.0017  -0.0070   0.0694  -0.0008  -0.1480
 11.1000  -0.3529  -0.0017  -0.0017  -0.0056   0.0691  -0.0008  -0.1497
 11.1200  -0.3530  -0.0017  -0.0017  -0.0042   0.0688  -0.0008  -0.1515
 11.1400  -0.3531  -0.0017  -0.0017  -0.0029   0.0685  -0.0008  -0.1532
 11.1600  -0.3531  -0.0017  -0.0017  -0.0015   0.0682  -0.0008  -0.1550
 11.1800  -0.3531  -0.0017  -0.0017  -0.0001   0.0680  -0.0008  -0.1568
 11.2000  -0.3531  -0.0017  -0.0017   0.0012   0.0677  -0.0008  -0.1585
 11.2200  -0.3531  -0.0018  -0.0018   0.0026   0.0674  -0.0008  -0.1603
 11.2400  -0.3530  -0.0018  -0.0018   0.0039   0.0671  -0.0008  -0.1621
 11.2600  -0.3529  -0.0018  -0.0018   0.0053   0.0668  -0.0007  -0.1639
 11.2800  -0.3528  -0.0018  -0.0018   0.0066   0.0665  -0.0007  -0.1656
 11.3000  -0.3527  -0.0018  -0.0018   0.0079   0.0661  -0.0007  -0.1674
 11.3200  -0.3525  -0.0018  -0.0018   0.0092   0.0658  -0.0007  -0.1691
 11.3400  -0.3523  -0.0018  -0.0018   0.0106   0.0655  -0.0007  -0.1709
 11.3600  -0.3521  -0.0019  -0.0019   0.0119   0.0652  -0.0007  -0.1727
 11.3800  -0.3518  -0.0019  -0.0019   0.0132   0.0649  -0.0007  -0.1744
 11.4000  -0.3515  -0.0019  -0.0019   0.0145   0.0645  -0.0007  -0.1761
 11.4200  -0.3512  -0.0019  -0.0019   0.0157   0.0642  -0.0007  -0.1779
 11.4400  -0.3509  -0.0019  -0.0019   0.0170   0.0638  -0.0007  -0.1796
 11.4600  -0.3506  -0.0019  -0.0019   0.0183   0.0635  -0.0007  -0.1813
 11.4800  -0.3502  -0.0019  -0.0019   0.0196   0.0631  -0.0007  -0.1830
 11.5000  -0.3498  -0.0020  -0.0019   0.0208   0.0628  -0.0007  -0.1846
 11.5200  -0.3493  -0.0020  -0.0019   0.0221   0.0624  -0.0007  -0.1863
 11.5400  -0.3489  -0.0020  -0.0020   0.0233   0.0621  -0.0007  -0.1880
 11.5600  -0.3484  -0.0020  -0.0020   0.0246   0.0617  -0.0007  -0.1896
 11.5800  -0.3479  -0.0020  -0.0020   0.0258   0.0613  -0.0007  -0.1912
 11.6000  -0.3474  -0.0020  -0.0020   0.0270   0.0610  -0.0006  -0.1928
 11.6200  -0.3468  -0.0020  -0.0020   0.0282   0.0606  -0.0006  -0.1943
 11.6400  -0.3463  -0.0021  -0.0020   0.0294   0.0602  -0.0006  -0.1959
 11.6600  -0.3457  -0.0021  -0.0020   0.0306   0.0598  -0.0006  -0.1974
 11.6800  -0.3450  -0.0021  -0.0020   0.0318   0.0595  -0.0006  -0.1989
 11.7000  -0.3444  -0.0021  -0.0020   0.0330   0.0591  -0.0006  -0.2003
 11.7200  -0.3437  -0.0021  -0.0021   0.0342   0.0587  -0.0006  -0.2018
 11.7400  -0.3430  -0.0021  -0.0021   0.0354   0.0583  -0.0006  -0.2032
 11.7600  -0.3423  -0.0021  -0.0021   0.0365   0.0579  -0.0006  -0.2045
 11.7800  -0.3416  -0.0021  -0.0021   0.0377   0.0575  -0.0006  -0.2059
 11.8000  -0.3408  -0.0021  -0.0021   0.0388   0.0571  -0.0005  -0.2072
 11.8200  -0.3400  -0.0022  -0.0021   0.0400   0.0567  -0.0005  -0.2085
 11.8400  -0.3392  -0.0022  -0.0021   0.0411   0.0563  -0.0005  -0.2098
 11.8600  -0.3384  -0.0022  -0.0021   0.0422   0.0558  -0.0005  -0.2110
 11.8800  -0.3375  -0.0022  -0.0021   0.0433   0.0554  -0.0005  -0.2122
 11.9000  -0.3366  -0.0022  -0.0021   0.0444   0.0550  -0.0005  -0.2134
 11.9200  -0.3357  -0.0022  -0.0021   0.0455   0.0546  -0.0005  -0.2145
 11.9400  -0.3348  -0.0022  -0.0022   0.0466   0.0542  -0.0005  -0.2156
 11.9600  -0.3339  -0.0022  -0.0022   0.0477   0.0537  -0.0004  -0.2167
 11.9800  -0.3329  -0.0022  -0.0022   0.0488   0.0533  -0.0004  -0.2177
 12.0000  -0.3319  -0.0022  -0.0022   0.0498   0.0529  -0.0004  -0.2187
 12.0200  -0.3309  -0.0023  -0.0022   0.0509   0.0524  -0.0004  -0.2197
 12.0400  -0.3299  -0.0023  -0.0022   0.0519   0.0520  -0.0004  -0.2206
 12.0600  -0.3288  -0.0023  -0.0022   0.0530   0.0516  -0.0004  -0.2215
 12.0800  -0.3278  -0.0023  -0.0022   0.0540   0.0511  -0.0004  -0.2224
 12.1000  -0.3267  -0.0023  -0.0022   0.0550   0.0507  -0.0003  -0.2232
 12.1200  -0.3256  -0.0023  -0.0022   0.0560   0.0502  -0.0003  -0.2240
 12.1400  -0.3244  -0.0023  -0.0022   0.0570   0.0498  -0.0003  -0.2248
 12.1600  -0.3233  -0.0023  -0.0022   0.0580   0.0494  -0.0003  -0.2255
 12.1800  -0.3221  -0.0023  -0.0022   0.0590   0.0489  -0.0003  -0.2263
 12.2000  -0.3209  -0.0023  -0.0022   0.0600   0.0484  -0.0003  -0.2269
 12.2200  -0.3197  -0.0023  -0.0022   0.0609   0.0480  -0.0003  -0.2276
 12.2400  -0.3185  -0.0023  -0.0023   0.0619   0.0475  -0.0002  -0.2282
 12.2600  -0.3172  -0.0023  -0.0023   0.0628   0.0471  -0.0002  -0.2288
 12.2800  -0.3160  -0.0023  -0.0023   0.0638   0.0466  -0.0002  -0.2294
 12.3000  -0.3147  -0.0023  -0.0023   0.0647   0.0462  -0.0002  -0.2299
 12.3200  -0.3134  -0.0023  -0.0023   0.0656   0.0457  -0.0002  -0.2304
 12.3400  -0.3121  -0.0023  -0.0023   0.0665   0.0452  -0.0002  -0.2309
 12.3600  -0.3107  -0.0023  -0.0023   0.0674   0.0448  -0.0002  -0.2314
 12.3800  -0.3094  -0.0023  -0.0023   0.0683   0.0443  -0.0002  -0.2318
 12.4000  -0.3080  -0.0024  -0.0023   0.0692   0.0439  -0.0001  -0.2323
 12.4200  -0.3066  -0.0024  -0.0023   0.0701   0.0434  -0.0001  -0.2326
 12.4400  -0.3052  -0.0024  -0.0023   0.0709   0.0429  -0.0001  -0.2330
 12.4600  -0.3038  -0.0024  -0.0023   0.0718   0.0425  -0.0001  -0.2334
 12.4800  -0.3023  -0.0024  -0.0023   0.0726   0.0420  -0.0001  -0.2337
 12.5000  -0.3009  -0.0024  -0.0023   0.0735   0.0415  -0.0001  -0.2340
 12.5200  -0.2994  -0.0024  -0.0023   0.0743   0.0410  -0.0001  -0.2343
 12.5400  -0.2979  -0.0024  -0.0023   0.0751   0.0406  -0.0001  -0.2345
 12.5600  -0.2964  -0.0024  -0.0023   0.0759   0.0401  -0.0001  -0.2348
 12.5800  -0.2948  -0.0024  -0.0023   0.0767   0.0396  -0.0000  -0.2350
 12.6000  -0.2933  -0.0024  -0.0023   0.0775   0.0392  -0.0000  -0.2352
 12.6200  -0.2917  -0.0024  -0.0023   0.0783   0.0387  -0.0000  -0.2354
 12.6400  -0.2902  -0.0024  -0.0023   0.0790   0.0382  -0.0000  -0.2356
 12.6600  -0.2886  -0.0024  -0.0023   0.0798   0.0377  -0.0000  -0.2357
 12.6800  -0.2870  -0.0024  -0.0023   0.0806   0.0373  -0.0000  -0.2359
 12.7000  -0.2854  -0.0024  -0.0023   0.0813   0.0368   0.0000  -0.2360
 12.7200  -0.2837  -0.0024  -0.0023   0.0820   0.0363   0.0000  -0.2361
 12.7400  -0.2821  -0.0024  -0.0023   0.0827   0.0358   0.0000  -0.2362
 12.7600  -0.2804  -0.0024  -0.0023   0.0835   0.0354   0.0000  -0.2363
 12.7800  -0.2787  -0.0024  -0.0023   0.0842   0.0349   0.0000  -0.2364
 12.8000  -0.2771  -0.0024  -0.0023   0.0849   0.0344   0.0000  -0.2364
 12.8200  -0.2754  -0.0024  -0.0023   0.0855   0.0339   0.0001  -0.2365
 12.8400  -0.2736  -0.0024  -0.0023   0.0862   0.0334   0.0001  -0.2365
 12.8600  -0.2719  -0.0024  -0.0023   0.0869   0.0330   0.0001  -0.2365
 12.8800  -0.2702  -0.0024  -0.0023   0.0875   0.0325   0.0001  -0.2365
 12.9000  -0.2684  -0.0024  -0.0023   0.0882   0.0320   0.0001  -0.2365
 12.9200  -0.2666  -0.0024  -0.0023   0.0888   0.0315   0.0001  -0.2365
 12.9400  -0.2648  -0.0024  -0.0023   0.0894   0.0310   0.0001  -0.2364
 12.9600  -0.2631  -0.0024  -0.0023   0.0900   0.0306   0.0001  -0.2364
 12.9800  -0.2612  -0.0024  -0.0023   0.0907   0.0301   0.0001  -0.2363
 13.0000  -0.2594  -0.0024  -0.0023   0.0913   0.0296   0.0001  -0.2363
 13.0200  -0.2576  -0.0024  -0.0023   0.0918   0.0291   0.0001  -0.2362
 13.0400  -0.2558  -0.0023  -0.0023   0.0924   0.0286   0.0001  -0.2361
 13.0600  -0.2539  -0.0023  -0.0023   0.0930   0.0282   0.0001  -0.2360
 13.0800  -0.2520  -0.0023  -0.0023   0.0935   0.0277   0.0001  -0.2358
 13.1000  -0.2502  -0.0023  -0.0023   0.0941   0.0272   0.0002  -0.2357
 13.1200  -0.2483  -0.0023  -0.0023   0.0946   0.0267   0.0002  -0.2356
 13.1400  -0.2464  -0.0023  -0.0023   0.0952   0.0262   0.0002  -0.2354
 13.1600  -0.2445  -0.0023  -0.0023   0.0957   0.0258   0.0002  -0.2352
 13.1800  -0.2425  -0.0023  -0.0023   0.0962   0.0253   0.0002  -0.2350
 13.2000  -0.2406  -0.0023  -0.0023   0.0967   0.0248   0.0002  -0.2348
 13.2200  -0.2387  -0.0023  -0.0023   0.0972   0.0243   0.0002  -0.2346
 13.2400  -0.2367  -0.0023  -0.0023   0.0977   0.0238   0.0002  -0.2344
 13.2600  -0.2348  -0.0023  -0.0023   0.0981   0.0234   0.0002  -0.2342
 13.2800  -0.2328  -0.0023  -0.0023   0.0986   0.0229   0.0002  -0.2339
 13.3000  -0.2308  -0.0023  -0.0023   0.0991   0.0224   0.0002  -0.2336
 13.3200  -0.2288  -0.0023  -0.0022   0.0995   0.0219   0.0002  -0.2334
 13.3400  -0.2268  -0.0023  -0.0022   0.0999   0.0214   0.0002  -0.2331
 13.3600  -0.2248  -0.0023  -0.0022   0.1004   0.0210   0.0002  -0.2327
 13.3800  -0.2228  -0.0023  -0.0022   0.1008   0.0205   0.0002  -0.2324
 13.4000  -0.2208  -0.0023  -0.0022   0.1012   0.0200   0.0003  -0.2321
 13.4200  -0.2188  -0.0023  -0.0022   0.1016   0.0195   0.0003  -0.2317
 13.4400  -0.2168  -0.0023  -0.0022   0.1020   0.0190   0.0003  -0.2313
 13.4600  -0.2147  -0.0023  -0.0022   0.1023   0.0186   0.0003  -0.2310
 13.4800  -0.2127  -0.0023  -0.0022   0.1027   0.0181   0.0003  -0.2306
 13.5000  -0.2106  -0.0023  -0.0022   0.1031   0.0176   0.0003  -0.2301
 13.5200  -0.2085  -0.0022  -0.0022   0.1034   0.0171   0.0003  -0.2297
 13.5400  -0.2065  -0.0022  -0.0022   0.1037   0.0167   0.0003  -0.2292
 13.5600  -0.2044  -0.0022  -0.0022   0.1041   0.0162   0.0003  -0.2288
 13.5800  -0.2023  -0.0022  -0.0022   0.1044   0.0157   0.0003  -0.2283
 13.6000  -0.2002  -0.0022  -0.0022   0.1047   0.0153   0.0003  -0.2278
 13.6200  -0.1981  -0.0022  -0.0022   0.1050   0.0148   0.0003  -0.2273
 13.6400  -0.1960  -0.0022  -0.0022   0.1053   0.0143   0.0003  -0.2267
 13.6600  -0.1939  -0.0022  -0.0021   0.1056   0.0138   0.0003  -0.2262
 13.6800  -0.1918  -0.0022  -0.0021   0.1058   0.0134   0.0004  -0.2256
 13.7000  -0.1897  -0.0022  -0.0021   0.1061   0.0129   0.0004  -0.2250
 13.7200  -0.1875  -0.0022  -0.0021   0.1064   0.0124   0.0004  -0.2244
 13.7400  -0.1854  -0.0022  -0.0021   0.1066   0.0120   0.0004  -0.2238
 13.7600  -0.1833  -0.0022  -0.0021   0.1068   0.0115   0.0004  -0.2231
 13.7800  -0.1811  -0.0022  -0.0021   0.1071   0.0111   0.0004  -0.2225
 13.8000  -0.1790  -0.0021  -0.0021   0.1073   0.0106   0.0004  -0.2218
 13.8200  -0.1769  -0.0021  -0.0021   0.1075   0.0101   0.0004  -0.2211
 13.8400  -0.1747  -0.0021  -0.0021   0.1077   0.0097   0.0004  -0.2204
 13.8600  -0.1725  -0.0021  -0.0021   0.1079   0.0092   0.0004  -0.2197
 13.8800  -0.1704  -0.0021  -0.0021   0.1081   0.0088   0.0004  -0.2190
 13.9000  -0.1682  -0.0021  -0.0021   0.1082   0.0083   0.0004  -0.2182
 13.9200  -0.1661  -0.0021  -0.0020   0.1084   0.0078   0.0004  -0.2174
 13.9400  -0.1639  -0.0021  -0.0020   0.1085   0.0074   0.0004  -0.2166
 13.9600  -0.1617  -0.0021  -0.0020   0.1087   0.0069   0.0005  -0.2158
 13.9800  -0.1595  -0.0021  -0.0020   0.1088   0.0065   0.0005  -0.2150
 14.0000  -0.1574  -0.0021  -0.0020   0.1089   0.0060   0.0005  -0.2142
 14.0200  -0.1552  -0.0021  -0.0020   0.1091   0.0056   0.0005  -0.2133
 14.0400  -0.1530  -0.0020  -0.0020   0.1092   0.0051   0.0005  -0.2125
 14.0600  -0.1508  -0.0020  -0.0020   0.1093   0.0047   0.0005  -0.2116
 14.0800  -0.1486  -0.0020  -0.0020   0.1094   0.0043   0.0005  -0.2107
 14.1000  -0.1464  -0.0020  -0.0020   0.1094   0.0038   0.0005  -0.2098
 14.1200  -0.1443  -0.0020  -0.0019   0.1095   0.0034   0.0005  -0.2089
 14.1400  -0.1421  -0.0020  -0.0019   0.1096   0.0029   0.0005  -0.2079
 14.1600  -0.1399  -0.0020  -0.0019   0.1096   0.0025   0.0005  -0.2070
 14.1800  -0.1377  -0.0020  -0.0019   0.1097   0.0021   0.0005  -0.2060
 14.2000  -0.1355  -0.0020  -0.0019   0.1097   0.0016   0.0005  -0.2050
 14.2200  -0.1333  -0.0020  -0.0019   0.1097   0.0012   0.0005  -0.2041
 14.2400  -0.1311  -0.0019  -0.0019   0.1098   0.0008   0.0005  -0.2031
 14.2600  -0.1289  -0.0019  -0.0019   0.1098   0.0004   0.0005  -0.2020
 14.2800  -0.1267  -0.0019  -0.0019   0.1098  -0.0001   0.0006  -0.2010
 14.3000  -0.1245  -0.0019  -0.0019   0.1098  -0.0005   0.0006  -0.2000
 14.3200  -0.1223  -0.0019  -0.0018   0.1097  -0.0009   0.0006  -0.1989
 14.3400  -0.1201  -0.0019  -0.0018   0.1097  -0.0013   0.0006  -0.1979
 14.3600  -0.1179  -0.0019  -0.0018   0.1097  -0.0017   0.0006  -0.1968
 14.3800  -0.1157  -0.0019  -0.0018   0.1097  -0.0022   0.0006  -0.1957
 14.4000  -0.1135  -0.0018  -0.0018   0.1096  -0.0026   0.0006  -0.1946
 14.4200  -0.1113  -0.0018  -0.0018   0.1096  -0.0030   0.0006  -0.1935
 14.4400  -0.1092  -0.0018  -0.0018   0.1095  -0.0034   0.0006  -0.1924
 14.4600  -0.1070  -0.0018  -0.0018   0.1094  -0.0038   0.0006  -0.1913
 14.4800  -0.1048  -0.0018  -0.0018   0.1093  -0.0042   0.0006  -0.1901
 14.5000  -0.1026  -0.0018  -0.0017   0.1093  -0.0046   0.0006  -0.1890
 14.5200  -0.1004  -0.0018  -0.0017   0.1092  -0.0050   0.0006  -0.1879
 14.5400  -0.0982  -0.0018  -0.0017   0.1091  -0.0054   0.0006  -0.1867
 14.5600  -0.0960  -0.0018  -0.0017   0.1089  -0.0058   0.0006  -0.1855
 14.5800  -0.0939  -0.0017  -0.0017   0.1088  -0.0062   0.0006  -0.1844
 14.6000  -0.0917  -0.0017  -0.0017   0.1087  -0.0066   0.0006  -0.1832
 14.6200  -0.0895  -0.0017  -0.0017   0.1086  -0.0070   0.0006  -0.1820
 14.6400  -0.0874  -0.0017  -0.0017   0.1084  -0.0073   0.0006  -0.1808
 14.6600  -0.0852  -0.0017  -0.0016   0.1083  -0.0077   0.0006  -0.1796
 14.6800  -0.0830  -0.0017  -0.0016   0.1081  -0.0081   0.0006  -0.1784
 14.7000  -0.0809  -0.0017  -0.0016   0.1079  -0.0085   0.0006  -0.1771
 14.7200  -0.0787  -0.0017  -0.0016   0.1078  -0.0089   0.0006  -0.1759
 14.7400  -0.0766  -0.0016  -0.0016   0.1076  -0.0092   0.0006  -0.1747
 14.7600  -0.0744  -0.0016  -0.0016   0.1074  -0.0096   0.0007  -0.1734
 14.7800  -0.0723  -0.0016  -0.0016   0.1072  -0.0100   0.0007  -0.1722
 14.8000  -0.0701  -0.0016  -0.0016   0.1070  -0.0103   0.0007  -0.1709
 14.8200  -0.0680  -0.0016  -0.0015   0.1068  -0.0107   0.0007  -0.1697
 14.8400  -0.0658  -0.0016  -0.0015   0.1066  -0.0111   0.0007  -0.1684
 14.8600  -0.0637  -0.0016  -0.0015   0.1063  -0.0114   0.0007  -0.1671
 14.8800  -0.0616  -0.0015  -0.0015   0.1061  -0.0118   0.0007  -0.1659
 14.9000  -0.0595  -0.0015  -0.0015   0.1059  -0.0121   0.0007  -0.1646
 14.9200  -0.0574  -0.0015  -0.0015   0.1056  -0.0125   0.0007  -0.1633
 14.9400  -0.0552  -0.0015  -0.0015   0.1054  -0.0128   0.0007  -0.1620
 14.9600  -0.0531  -0.0015  -0.0015   0.1051  -0.0132   0.0007  -0.1607
 14.9800  -0.0510  -0.0015  -0.0014   0.1048  -0.0135   0.0007  -0.1594
 15.0000  -0.0489  -0.0015  -0.0014   0.1046  -0.0139   0.0007  -0.1581
 15.0200  -0.0469  -0.0015  -0.0014   0.1043  -0.0142   0.0007  -0.1568
 15.0400  -0.0448  -0.0014  -0.0014   0.1040  -0.0145   0.0007  -0.1554
 15.0600  -0.0427  -0.0014  -0.0014   0.1037  -0.0149   0.0007  -0.1541
 15.0800  -0.0406  -0.0014  -0.0014   0.1034  -0.0152   0.0007  -0.1528
 15.1000  -0.0386  -0.0014  -0.0014   0.1031  -0.0155   0.0007  -0.1514
 15.1200  -0.0365  -0.0014  -0.0013   0.1028  -0.0159   0.0007  -0.1501
 15.1400  -0.0344  -0.0014  -0.0013   0.1025  -0.0162   0.0007  -0.1488
 15.1600  -0.0324  -0.0014  -0.0013   0.1021  -0.0165   0.0007  -0.1474
 15.1800  -0.0304  -0.0013  -0.0013   0.1018  -0.0168   0.0007  -0.1461
 15.2000  -0.0283  -0.0013  -0.0013   0.1015  -0.0171   0.0007  -0.1447
 15.2200  -0.0263  -0.0013  -0.0013   0.1011  -0.0175   0.0007  -0.1433
 15.2400  -0.0243  -0.0013  -0.0013   0.1008  -0.0178   0.0007  -0.1420
 15.2600  -0.0223  -0.0013  -0.0013   0.1004  -0.0181   0.0007  -0.1406
 15.2800  -0.0203  -0.0013  -0.0012   0.1000  -0.0184   0.0007  -0.1392
 15.3000  -0.0183  -0.0013  -0.0012   0.0997  -0.0187   0.0007  -0.1378
 15.3200  -0.0163  -0.0012  -0.0012   0.0993  -0.0190   0.0007  -0.1364
 15.3400  -0.0143  -0.0012  -0.0012   0.0989  -0.0193   0.0007  -0.1350
 15.3600  -0.0123  -0.0012  -0.0012   0.0985  -0.0196   0.0007  -0.1336
 15.3800  -0.0104  -0.0012  -0.0012   0.0981  -0.0199   0.0007  -0.1323
 15.4000  -0.0084  -0.0012  -0.0012   0.0977  -0.0201   0.0007  -0.1308
 15.4200  -0.0064  -0.0012  -0.0011   0.0973  -0.0204   0.0007  -0.1294
 15.4400  -0.0045  -0.0012  -0.0011   0.0969  -0.0207   0.0007  -0.1280
 15.4600  -0.0026  -0.0011  -0.0011   0.0965  -0.0210   0.0007  -0.1266
 15.4800  -0.0006  -0.0011  -0.0011   0.0961  -0.0213   0.0007  -0.1252
 15.5000   0.0013  -0.0011  -0.0011   0.0956  -0.0215   0.0007  -0.1238
 15.5200   0.0032  -0.0011  -0.0011   0.0952  -0.0218   0.0007  -0.1223
 15.5400   0.0051  -0.0011  -0.0011   0.0948  -0.0221   0.0007  -0.1209
 15.5600   0.0070  -0.0011  -0.0010   0.0943  -0.0223   0.0007  -0.1195
 15.5800   0.0089  -0.0011  -0.0010   0.0939  -0.0226   0.0007  -0.1180
 15.6000   0.0107  -0.0010  -0.0010   0.0934  -0.0229   0.0007  -0.1166
 15.6200   0.0126  -0.0010  -0.0010   0.0930  -0.0231   0.0007  -0.1152
 15.6400   0.0144  -0.0010  -0.0010   0.0925  -0.0234   0.0007  -0.1137
 15.6600   0.0163  -0.0010  -0.0010   0.0920  -0.0236   0.0007  -0.1123
 15.6800   0.0181  -0.0010  -0.0010   0.0916  -0.0239   0.0007  -0.1108
 15.7000   0.0200  -0.0010  -0.0009   0.0911  -0.0241   0.0007  -0.1094
 15.7200   0.0218  -0.0010  -0.0009   0.0906  -0.0244   0.0007  -0.1079
 15.7400   0.0236  -0.0009  -0.0009   0.0901  -0.0246   0.0007  -0.1064
 15.7600   0.0254  -0.0009  -0.0009   0.0896  -0.0248   0.0007  -0.1050
 15.7800   0.0272  -0.0009  -0.0009   0.0891  -0.0251   0.0007  -0.1035
 15.8000   0.0289  -0.0009  -0.0009   0.0886  -0.0253   0.0007  -0.1020
 15.8200   0.0307  -0.0009  -0.0009   0.0881  -0.0255   0.0007  -0.1006
 15.8400   0.0325  -0.0009  -0.0008   0.0876  -0.0258   0.0007  -0.0991
 15.8600   0.0342  -0.0009  -0.0008   0.0871  -0.0260   0.0007  -0.0976
 15.8800   0.0359  -0.0008  -0.0008   0.0865  -0.0262   0.0007  -0.0962
 15.9000   0.0377  -0.0008  -0.0008   0.0860  -0.0264   0.0007  -0.0947
 15.9200   0.0394  -0.0008  -0.0008   0.0855  -0.0266   0.0007  -0.0932
 15.9400   0.0411  -0.0008  -0.0008   0.0850  -0.0268   0.0007  -0.0917
 15.9600   0.0428  -0.0008  -0.0008   0.0844  -0.0270   0.0007  -0.0903
 15.9800   0.0445  -0.0008  -0.0007   0.0839  -0.0272   0.0007  -0.0888
 16.0000   0.0461  -0.0007  -0.0007   0.0833  -0.0274   0.0007  -0.0873
 16.0200   0.0478  -0.0007  -0.0007   0.0828  -0.0276   0.0007  -0.0858
 16.0400   0.0494  -0.0007  -0.0007   0.0822  -0.0278   0.0007  -0.0843
 16.0600   0.0511  -0.0007  -0.0007   0.0817  -0.0280   0.0007  -0.0829
 16.0800   0.0527  -0.0007  -0.0007   0.0811  -0.0282   0.0007  -0.0814
 16.1000   0.0543  -0.0007  -0.0007   0.0805  -0.0284   0.0007  -0.0799
 16.1200   0.0559  -0.0007  -0.0006   0.0800  -0.0286   0.0007  -0.0784
 16.1400   0.0575  -0.0006  -0.0006   0.0794  -0.0288   0.0007  -0.0769
 16.1600   0.0591  -0.0006  -0.0006   0.0788  -0.0289   0.0007  -0.0755
 16.1800   0.0607  -0.0006  -0.0006   0.0782  -0.0291   0.0007  -0.0740
 16.2000   0.0622  -0.0006  -0.0006   0.0776  -0.0293   0.0007  -0.0725
 16.2200   0.0638  -0.0006  -0.0006   0.0771  -0.0294   0.0007  -0.0710
 16.2400   0.0653  -0.0006  -0.0006   0.0765  -0.0296   0.0007  -0.0695
 16.2600   0.0668  -0.0006  -0.0005   0.0759  -0.0298   0.0007  -0.0681
 16.2800   0.0684  -0.0005  -0.0005   0.0753  -0.0299   0.0007  -0.0666
 16.3000   0.0699  -0.0005  -0.0005   0.0747  -0.0301   0.0007  -0.0651
 16.3200   0.0713  -0.0005  -0.0005   0.0741  -0.0302   0.0007  -0.0636
 16.3400   0.0728  -0.0005  -0.0005   0.0735  -0.0304   0.0007  -0.0622
 16.3600   0.0743  -0.0005  -0.0005   0.0729  -0.0305   0.0007  -0.0607
 16.3800   0.0757  -0.0005  -0.0005   0.0722  -0.0307   0.0007  -0.0592
 16.4000   0.0772  -0.0005  -0.0004   0.0716  -0.0308   0.0007  -0.0578
 16.4200   0.0786  -0.0004  -0.0004   0.0710  -0.0310   0.0007  -0.0563
 16.4400   0.0800  -0.0004  -0.0004   0.0704  -0.0311   0.0007  -0.0549
 16.4600   0.0814  -0.0004  -0.0004   0.0698  -0.0312   0.0007  -0.0534
 16.4800   0.0828  -0.0004  -0.0004   0.0691  -0.0313   0.0007  -0.0519
 16.5000   0.0842  -0.0004  -0.0004   0.0685  -0.0315   0.0007  -0.0505
 16.5200   0.0855  -0.0004  -0.0004   0.0679  -0.0316   0.0007  -0.0490
 16.5400   0.0869  -0.0004  -0.0003   0.0673  -0.0317   0.0007  -0.0476
 16.5600   0.0882  -0.0003  -0.0003   0.0666  -0.0318   0.0007  -0.0462
 16.5800   0.0896  -0.0003  -0.0003   0.0660  -0.0319   0.0007  -0.0447
 16.6000   0.0909  -0.0003  -0.0003   0.0653  -0.0321   0.0007  -0.0433
 16.6200   0.0922  -0.0003  -0.0003   0.0647  -0.0322   0.0007  -0.0419
 16.6400   0.0935  -0.0003  -0.0003   0.0641  -0.0323   0.0007  -0.0404
 16.6600   0.0947  -0.0003  -0.0003   0.0634  -0.0324   0.0007  -0.0390
 16.6800   0.0960  -0.0003  -0.0002   0.0628  -0.0325   0.0007  -0.0376
 16.7000   0.0972  -0.0002  -0.0002   0.0621  -0.0326   0.0007  -0.0362
 16.7200   0.0985  -0.0002  -0.0002   0.0615  -0.0327   0.0007  -0.0347
 16.7400   0.0997  -0.0002  -0.0002   0.0608  -0.0327   0.0007  -0.0333
 16.7600   0.1009  -0.0002  -0.0002   0.0601  -0.0328   0.0007  -0.0319
 16.7800   0.1021  -0.0002  -0.0002   0.0595  -0.0329   0.0007  -0.0305
 16.8000   0.1033  -0.0002  -0.0002   0.0588  -0.0330   0.0007  -0.0291
 16.8200   0.1045  -0.0002  -0.0002   0.0582  -0.0331   0.0007  -0.0277
 16.8400   0.1056  -0.0001  -0.0001   0.0575  -0.0331   0.0007  -0.0263
 16.8600   0.1068  -0.0001  -0.0001   0.0568  -0.0332   0.0007  -0.0250
 16.8800   0.1079  -0.0001  -0.0001   0.0562  -0.0333   0.0007  -0.0236
 16.9000   0.1090  -0.0001  -0.0001   0.0555  -0.0334   0.0007  -0.0222
 16.9200   0.1101  -0.0001  -0.0001   0.0548  -0.0334   0.0007  -0.0208
 16.9400   0.1112  -0.0001  -0.0001   0.0542  -0.0335   0.0007  -0.0195
 16.9600   0.1123  -0.0001  -0.0001   0.0535  -0.0335   0.0007  -0.0181
 16.9800   0.1133  -0.0001  -0.0000   0.0528  -0.0336   0.0007  -0.0167
 17.0000   0.1144  -0.0000  -0.0000   0.0522  -0.0336   0.0007  -0.0154
 17.0200   0.1154  -0.0000  -0.0000   0.0515  -0.0337   0.0007  -0.0140
 17.0400   0.1165  -0.0000  -0.0000   0.0508  -0.0337   0.0006  -0.0127
 17.0600   0.1175  -0.0000   0.0000   0.0501  -0.0338   0.0006  -0.0114
 17.0800   0.1185   0.0000   0.0000   0.0495  -0.0338   0.0006  -0.0100
 17.1000   0.1194   0.0000   0.0000   0.0488  -0.0339   0.0006  -0.0087
 17.1200   0.1204   0.0000   0.0000   0.0481  -0.0339   0.0006  -0.0074
 17.1400   0.1214   0.0000   0.0001   0.0474  -0.0339   0.0006  -0.0061
 17.1600   0.1223   0.0001   0.0001   0.0468  -0.0340   0.0006  -0.0048
 17.1800   0.1232   0.0001   0.0001   0.0461  -0.0340   0.0006  -0.0035
 17.2000   0.1242   0.0001   0.0001   0.0454  -0.0340   0.0006  -0.0022
 17.2200   0.1251   0.0001   0.0001   0.0447  -0.0340   0.0006  -0.0009
 17.2400   0.1259   0.0001   0.0001   0.0440  -0.0341   0.0006   0.0004
 17.2600   0.1268   0.0001   0.0001   0.0433  -0.0341   0.0006   0.0017
 17.2800   0.1277   0.0001   0.0001   0.0427  -0.0341   0.0006   0.0030
 17.3000   0.1285   0.0001   0.0001   0.0420  -0.0341   0.0006   0.0043
 17.3200   0.1294   0.0002   0.0002   0.0413  -0.0341   0.0006   0.0055
 17.3400   0.1302   0.0002   0.0002   0.0406  -0.0341   0.0006   0.0068
 17.3600   0.1310   0.0002   0.0002   0.0399  -0.0341   0.0006   0.0080
 17.3800   0.1318   0.0002   0.0002   0.0393  -0.0341   0.0006   0.0093
 17.4000   0.1325   0.0002   0.0002   0.0386  -0.0341   0.0006   0.0105
 17.4200   0.1333   0.0002   0.0002   0.0379  -0.0341   0.0006   0.0118
 17.4400   0.1341   0.0002   0.0002   0.0372  -0.0341   0.0006   0.0130
 17.4600   0.1348   0.0002   0.0002   0.0365  -0.0341   0.0006   0.0142
 17.4800   0.1355   0.0003   0.0003   0.0358  -0.0341   0.0006   0.0154
 17.5000   0.1362   0.0003   0.0003   0.0352  -0.0341   0.0006   0.0166
 17.5200   0.1369   0.0003   0.0003   0.0345  -0.0340   0.0006   0.0178
 17.5400   0.1376   0.0003   0.0003   0.0338  -0.0340   0.0006   0.0190
 17.5600   0.1383   0.0003   0.0003   0.0331  -0.0340   0.0006   0.0202
 17.5800   0.1389   0.0003   0.0003   0.0324  -0.0340   0.0006   0.0214
 17.6000   0.1396   0.0003   0.0003   0.0318  -0.0340   0.0006   0.0226
 17.6200   0.1402   0.0003   0.0003   0.0311  -0.0339   0.0006   0.0237
 17.6400   0.1408   0.0003   0.0003   0.0304  -0.0339   0.0005   0.0249
 17.6600   0.1414   0.0004   0.0004   0.0297  -0.0339   0.0005   0.0261
 17.6800   0.1420   0.0004   0.0004   0.0291  -0.0338   0.0005   0.0272
 17.7000   0.1426   0.0004   0.0004   0.0284  -0.0338   0.0005   0.0283
 17.7200   0.1431   0.0004   0.0004   0.0277  -0.0337   0.0005   0.0295
 17.7400   0.1437   0.0004   0.0004   0.0270  -0.0337   0.0005   0.0306
 17.7600   0.1442   0.0004   0.0004   0.0264  -0.0336   0.0005   0.0317
 17.7800   0.1448   0.0004   0.0004   0.0257  -0.0336   0.0005   0.0328
 17.8000   0.1453   0.0004   0.0004   0.0250  -0.0335   0.0005   0.0339
 17.8200   0.1458   0.0004   0.0004   0.0243  -0.0335   0.0005   0.0350
 17.8400   0.1462   0.0004   0.0004   0.0237  -0.0334   0.0005   0.0361
 17.8600   0.1467   0.0005   0.0005   0.0230  -0.0334   0.0005   0.0372
 17.8800   0.1472   0.0005   0.0005   0.0223  -0.0333   0.0005   0.0383
 17.9000   0.1476   0.0005   0.0005   0.0217  -0.0332   0.0005   0.0394
 17.9200   0.1480   0.0005   0.0005   0.0210  -0.0332   0.0005   0.0404
 17.9400   0.1484   0.0005   0.0005   0.0203  -0.0331   0.0005   0.0415
 17.9600   0.1488   0.0005   0.0005   0.0197  -0.0330   0.0005   0.0425
 17.9800   0.1492   0.0005   0.0005   0.0190  -0.0330   0.0005   0.0436
 18.0000   0.1496   0.0005   0.0005   0.0184  -0.0329   0.0005   0.0446
 18.0200   0.1500   0.0005   0.0005   0.0177  -0.0328   0.0005   0.0456
 18.0400   0.1503   0.0005   0.0005   0.0170  -0.0327   0.0005   0.0466
 18.0600   0.1506   0.0006   0.0005   0.0164  -0.0327   0.0005   0.0476
 18.0800   0.1510   0.0006   0.0006   0.0157  -0.0326   0.0005   0.0486
 18.1000   0.1513   0.0006   0.0006   0.0151  -0.0325   0.0005   0.0496
 18.1200   0.1516   0.0006   0.0006   0.0144  -0.0324   0.0005   0.0506
 18.1400   0.1518   0.0006   0.0006   0.0138  -0.0323   0.0004   0.0516
 18.1600   0.1521   0.0006   0.0006   0.0132  -0.0322   0.0004   0.0525
 18.1800   0.1524   0.0006   0.0006   0.0125  -0.0321   0.0004   0.0535
 18.2000   0.1526   0.0006   0.0006   0.0119  -0.0320   0.0004   0.0544
 18.2200   0.1528   0.0006   0.0006   0.0112  -0.0319   0.0004   0.0554
 18.2400   0.1531   0.0006   0.0006   0.0106  -0.0318   0.0004   0.0563
 18.2600   0.1533   0.0006   0.0006   0.0100  -0.0317   0.0004   0.0572
 18.2800   0.1535   0.0007   0.0006   0.0093  -0.0316   0.0004   0.0581
 18.3000   0.1536   0.0007   0.0006   0.0087  -0.0315   0.0004   0.0590
 18.3200   0.1538   0.0007   0.0007   0.0081  -0.0314   0.0004   0.0599
 18.3400   0.1540   0.0007   0.0007   0.0074  -0.0313   0.0004   0.0608
 18.3600   0.1541   0.0007   0.0007   0.0068  -0.0312   0.0004   0.0617
 18.3800   0.1542   0.0007   0.0007   0.0062  -0.0311   0.0004   0.0626
 18.4000   0.1544   0.0007   0.0007   0.0056  -0.0310   0.0004   0.0634
 18.4200   0.1545   0.0007   0.0007   0.0049  -0.0308   0.0004   0.0643
 18.4400   0.1545   0.0007   0.0007   0.0043  -0.0307   0.0004   0.0651
 18.4600   0.1546   0.0007   0.0007   0.0037  -0.0306   0.0004   0.0660
 18.4800   0.1547   0.0007   0.0007   0.0031  -0.0305   0.0004   0.0668
 18.5000   0.1548   0.0007   0.0007   0.0025  -0.0304   0.0004   0.0676
 18.5200   0.1548   0.0007   0.0007   0.0019  -0.0302   0.0004   0.0684
 18.5400   0.1548   0.0008   0.0007   0.0013  -0.0301   0.0004   0.0692
 18.5600   0.1548   0.0008   0.0007   0.0007  -0.0300   0.0004   0.0700
 18.5800   0.1549   0.0008   0.0008   0.0001  -0.0298   0.0004   0.0708
 18.6000   0.1549   0.0008   0.0008  -0.0005  -0.0297   0.0003   0.0715
 18.6200   0.1548   0.0008   0.0008  -0.0011  -0.0296   0.0003   0.0723
 18.6400   0.1548   0.0008   0.0008  -0.0017  -0.0294   0.0003   0.0731
 18.6600   0.1548   0.0008   0.0008  -0.0023  -0.0293   0.0003   0.0738
 18.6800   0.1547   0.0008   0.0008  -0.0029  -0.0292   0.0003   0.0745
 18.7000   0.1547   0.0008   0.0008  -0.0034  -0.0290   0.0003   0.0753
 18.7200   0.1546   0.0008   0.0008  -0.0040  -0.0289   0.0003   0.0760
 18.7400   0.1545   0.0008   0.0008  -0.0046  -0.0287   0.0003   0.0767
 18.7600   0.1544   0.0008   0.0008  -0.0052  -0.0286   0.0003   0.0774
 18.7800   0.1543   0.0008   0.0008  -0.0057  -0.0284   0.0003   0.0781
 18.8000   0.1542   0.0008   0.0008  -0.0063  -0.0283   0.0003   0.0788
 18.8200   0.1540   0.0008   0.0008  -0.0069  -0.0281   0.0003   0.0794
 18.8400   0.1539   0.0009   0.0008  -0.0074  -0.0280   0.0003   0.0801
 18.8600   0.1537   0.0009   0.0008  -0.0080  -0.0278   0.0003   0.0808
 18.8800   0.1536   0.0009   0.0008  -0.0085  -0.0277   0.0003   0.0814
 18.9000   0.1534   0.0009   0.0009  -0.0091  -0.0275   0.0003   0.0820
 18.9200   0.1532   0.0009   0.0009  -0.0096  -0.0274   0.0003   0.0827
 18.9400   0.1530   0.0009   0.0009  -0.0102  -0.0272   0.0003   0.0833
 18.9600   0.1528   0.0009   0.0009  -0.0107  -0.0270   0.0003   0.0839
 18.9800   0.1526   0.0009   0.0009  -0.0113  -0.0269   0.0003   0.0845
 19.0000   0.1524   0.0009   0.0009  -0.0118  -0.0267   0.0003   0.0851
 19.0200   0.1521   0.0009   0.0009  -0.0123  -0.0265   0.0002   0.0857
 19.0400   0.1519   0.0009   0.0009  -0.0129  -0.0264   0.0002   0.0862
 19.0600   0.1516   0.0009   0.0009  -0.0134  -0.0262   0.0002   0.0868
 19.0800   0.1513   0.0009   0.0009  -0.0139  -0.0260   0.0002   0.0874
 19.1000   0.1510   0.0009   0.0009  -0.0144  -0.0259   0.0002   0.0879
 19.1200   0.1507   0.0009   0.0009  -0.0150  -0.0257   0.0002   0.0884
 19.1400   0.1504   0.0009   0.0009  -0.0155  -0.0255   0.0002   0.0890
 19.1600   0.1501   0.0009   0.0009  -0.0160  -0.0253   0.0002   0.0895
 19.1800   0.1498   0.0009   0.0009  -0.0165  -0.0252   0.0002   0.0900
 19.2000   0.1495   0.0009   0.0009  -0.0170  -0.0250   0.0002   0.0905
 19.2200   0.1491   0.0009   0.0009  -0.0175  -0.0248   0.0002   0.0910
 19.2400   0.1488   0.0009   0.0009  -0.0180  -0.0246   0.0002   0.0915
 19.2600   0.1484   0.0010   0.0009  -0.0185  -0.0245   0.0002   0.0919
 19.2800   0.1480   0.0010   0.0009  -0.0190  -0.0243   0.0002   0.0924
 19.3000   0.1476   0.0010   0.0009  -0.0194  -0.0241   0.0002   0.0928
 19.3200   0.1473   0.0010   0.0009  -0.0199  -0.0239   0.0002   0.0933
 19.3400   0.1468   0.0010   0.0009  -0.0204  -0.0237   0.0002   0.0937
 19.3600   0.1464   0.0010   0.0010  -0.0209  -0.0235   0.0002   0.0941
 19.3800   0.1460   0.0010   0.0010  -0.0213  -0.0234   0.0002   0.0946
 19.4000   0.1456   0.0010   0.0010  -0.0218  -0.0232   0.0002   0.0950
 19.4200   0.1451   0.0010   0.0010  -0.0223  -0.0230   0.0002   0.0954
 19.4400   0.1447   0.0010   0.0010  -0.0227  -0.0228   0.0002   0.0958
 19.4600   0.1442   0.0010   0.0010  -0.0232  -0.0226   0.0001   0.0961
 19.4800   0.1438   0.0010   0.0010  -0.0236  -0.0224   0.0001   0.0965
 19.5000   0.1433   0.0010   0.0010  -0.0241  -0.0222   0.0001   0.0969
 19.5200   0.1428   0.0010   0.0010  -0.0245  -0.0220   0.0001   0.0972
 19.5400   0.1423   0.0010   0.0010  -0.0250  -0.0218   0.0001   0.0976
 19.5600   0.1418   0.0010   0.0010  -0.0254  -0.0216   0.0001   0.0979
 19.5800   0.1413   0.0010   0.0010  -0.0258  -0.0215   0.0001   0.0982
 19.6000   0.1408   0.0010   0.0010  -0.0262  -0.0213   0.0001   0.0985
 19.6200   0.1402   0.0010   0.0010  -0.0267  -0.0211   0.0001   0.0988
 19.6400   0.1397   0.0010   0.0010  -0.0271  -0.0209   0.0001   0.0991
 19.6600   0.1392   0.0010   0.0010  -0.0275  -0.0207   0.0001   0.0994
 19.6800   0.1386   0.0010   0.0010  -0.0279  -0.0205   0.0001   0.0997
 19.7000   0.1380   0.0010   0.0010  -0.0283  -0.0203   0.0001   0.1000
 19.7200   0.1375   0.0010   0.0010  -0.0287  -0.0201   0.0001   0.1003
 19.7400   0.1369   0.0010   0.0010  -0.0291  -0.0199   0.0001   0.1005
 19.7600   0.1363   0.0010   0.0010  -0.0295  -0.0197   0.0001   0.1008
 19.7800   0.1357   0.0010   0.0010  -0.0299  -0.0195   0.0001   0.1010
 19.8000   0.1351   0.0010   0.0010  -0.0303  -0.0193   0.0001   0.1012
 19.8200   0.1345   0.0010   0.0010  -0.0307  -0.0191   0.0001   0.1014
 19.8400   0.1339   0.0010   0.0010  -0.0311  -0.0189   0.0001   0.1017
 19.8600   0.1333   0.0010   0.0010  -0.0314  -0.0187   0.0001   0.1019
 19.8800   0.1326   0.0010   0.0010  -0.0318  -0.0185   0.0001   0.1020
 19.9000   0.1320   0.0010   0.0010  -0.0322  -0.0182   0.0001   0.1022
 19.9200   0.1313   0.0010   0.0010  -0.0325  -0.0180   0.0000   0.1024
 19.9400   0.1307   0.0010   0.0010  -0.0329  -0.0178   0.0000   0.1026
 19.9600   0.1300   0.0010   0.0010  -0.0332  -0.0176   0.0000   0.1027
 19.9800   0.1294   0.0010   0.0010  -0.0336  -0.0174   0.0000   0.1029
 20.0000   0.1287   0.0010   0.0010  -0.0339  -0.0172   0.0000   0.1030
